,symbol,open,high,low,close,volume,pre-close,changeamount,change,date
0,bj430047,14.12,14.32,14.1,14.2,235688.0,14.14,0.06,0.0042,2023-05-25
1,bj430090,2.83,2.89,2.72,2.76,2381002.0,2.85,-0.09,-0.0316,2023-05-25
2,bj430139,10.05,10.16,9.93,10.05,439175.0,10.1,-0.05,-0.005,2023-05-25
3,bj430198,4.58,4.61,4.52,4.53,73143.0,4.61,-0.08,-0.0174,2023-05-25
4,bj430300,9.18,9.99,8.5,9.29,7115065.0,9.73,-0.44,-0.0452,2023-05-25
5,bj430418,11.99,12.2,11.91,12.08,63432.0,12.08,0.0,0.0,2023-05-25
6,bj430425,14.87,15.58,14.14,14.39,1440084.0,15.08,-0.69,-0.0458,2023-05-25
7,bj430476,15.83,16.0,15.42,15.72,117576.0,16.06,-0.34,-0.0212,2023-05-25
8,bj430478,17.79,17.93,17.64,17.9,171600.0,18.09,-0.19,-0.0105,2023-05-25
9,bj430489,5.27,5.46,5.26,5.4,366778.0,5.29,0.11,0.0208,2023-05-25
10,bj430510,9.01,9.02,8.32,8.62,1051324.0,9.36,-0.74,-0.0791,2023-05-25
11,bj430556,4.2,4.23,3.95,4.01,4866395.0,4.33,-0.32,-0.0739,2023-05-25
12,bj430564,6.45,6.45,6.31,6.31,32698.0,6.39,-0.08,-0.0125,2023-05-25
13,bj430685,13.45,13.45,13.05,13.28,175879.0,13.3,-0.02,-0.0015,2023-05-25
14,bj430718,5.57,5.58,5.48,5.53,158066.0,5.58,-0.05,-0.009,2023-05-25
15,bj830799,8.88,8.93,8.32,8.49,1842444.0,8.94,-0.45,-0.0503,2023-05-25
16,bj830809,8.7,8.7,8.52,8.59,1895685.0,8.72,-0.13,-0.0149,2023-05-25
17,bj830832,5.13,5.17,5.0,5.12,111343.0,5.16,-0.04,-0.0078,2023-05-25
18,bj830839,7.21,7.21,7.13,7.19,143188.0,7.15,0.04,0.0056,2023-05-25
19,bj830879,6.72,6.73,6.46,6.6,699689.0,6.71,-0.11,-0.0164,2023-05-25
20,bj830896,5.03,5.06,4.93,4.96,300308.0,5.0,-0.04,-0.008,2023-05-25
21,bj830946,8.33,8.67,8.31,8.48,2623267.0,8.49,-0.01,-0.0012,2023-05-25
22,bj830964,3.2,3.23,3.19,3.22,266718.0,3.23,-0.01,-0.0031,2023-05-25
23,bj830974,7.1,7.1,6.92,6.99,399667.0,7.05,-0.06,-0.0085,2023-05-25
24,bj831010,3.7,3.93,3.65,3.81,1974526.0,3.66,0.15,0.041,2023-05-25
25,bj831039,5.31,5.33,5.16,5.22,75564.0,5.31,-0.09,-0.0169,2023-05-25
26,bj831087,6.72,6.77,6.6,6.72,664773.0,6.75,-0.03,-0.0044,2023-05-25
27,bj831152,26.0,26.5,25.41,25.6,639787.0,26.01,-0.41,-0.0158,2023-05-25
28,bj831167,9.57,9.64,9.51,9.56,75435.0,9.57,-0.01,-0.001,2023-05-25
29,bj831195,7.78,7.78,7.64,7.72,70651.0,7.78,-0.06,-0.0077,2023-05-25
30,bj831278,3.1,3.13,3.07,3.09,340146.0,3.09,0.0,0.0,2023-05-25
31,bj831304,5.29,5.31,5.0,5.05,3328165.0,5.23,-0.18,-0.0344,2023-05-25
32,bj831305,8.3,8.3,7.92,8.06,152865.0,8.25,-0.19,-0.023,2023-05-25
33,bj831370,2.61,2.63,2.59,2.61,319445.0,2.61,0.0,0.0,2023-05-25
34,bj831445,5.64,5.77,5.63,5.72,172131.0,5.63,0.09,0.016,2023-05-25
35,bj831526,4.76,4.88,4.73,4.8,628980.0,4.9,-0.1,-0.0204,2023-05-25
36,bj831641,9.85,9.89,9.74,9.81,137335.0,9.85,-0.04,-0.0041,2023-05-25
37,bj831689,8.53,8.53,8.41,8.43,54500.0,8.51,-0.08,-0.0094,2023-05-25
38,bj831726,10.06,10.18,10.0,10.08,55344.0,10.14,-0.06,-0.0059,2023-05-25
39,bj831768,4.71,4.73,4.7,4.7,61816.0,4.76,-0.06,-0.0126,2023-05-25
40,bj831832,12.23,12.33,11.91,12.05,183970.0,12.35,-0.3,-0.0243,2023-05-25
41,bj831834,4.15,4.15,4.09,4.12,104357.0,4.12,0.0,0.0,2023-05-25
42,bj831855,6.77,6.86,6.71,6.86,184087.0,6.77,0.09,0.0133,2023-05-25
43,bj831856,5.66,5.71,5.53,5.55,18616.0,5.72,-0.17,-0.0297,2023-05-25
44,bj831906,11.93,12.08,11.6,11.86,287565.0,12.0,-0.14,-0.0117,2023-05-25
45,bj831961,11.43,11.57,11.1,11.18,353943.0,11.51,-0.33,-0.0287,2023-05-25
46,bj832000,5.24,5.24,5.13,5.18,56196.0,5.25,-0.07,-0.0133,2023-05-25
47,bj832023,3.06,3.06,3.01,3.02,733784.0,3.07,-0.05,-0.0163,2023-05-25
48,bj832089,11.06,11.2,11.05,11.2,146919.0,11.19,0.01,0.0009,2023-05-25
49,bj832110,14.73,14.78,14.51,14.55,106569.0,14.73,-0.18,-0.0122,2023-05-25
50,bj832145,4.86,4.86,4.78,4.78,30491.0,4.84,-0.06,-0.0124,2023-05-25
51,bj832149,5.02,5.02,4.75,4.79,1526794.0,4.93,-0.14,-0.0284,2023-05-25
52,bj832171,4.27,4.27,4.15,4.2,63587.0,4.2,0.0,0.0,2023-05-25
53,bj832225,9.89,10.07,9.77,9.92,976450.0,10.0,-0.08,-0.008,2023-05-25
54,bj832278,5.6,5.64,5.48,5.5,365110.0,5.66,-0.16,-0.0283,2023-05-25
55,bj832419,6.42,6.45,6.38,6.44,139451.0,6.43,0.01,0.0016,2023-05-25
56,bj832471,10.74,10.87,10.0,10.25,7357075.0,10.74,-0.49,-0.0456,2023-05-25
57,bj832491,10.4,10.9,9.91,10.0,2337028.0,10.65,-0.65,-0.061,2023-05-25
58,bj832566,6.97,7.06,6.95,7.03,511001.0,6.98,0.05,0.0072,2023-05-25
59,bj832662,8.72,10.08,8.7,9.29,4028795.0,8.8,0.49,0.0557,2023-05-25
60,bj832735,27.61,27.62,27.31,27.55,64597.0,27.64,-0.09,-0.0033,2023-05-25
61,bj832802,7.73,7.76,7.71,7.75,67009.0,7.77,-0.02,-0.0026,2023-05-25
62,bj832876,8.49,8.63,8.17,8.38,4513766.0,8.75,-0.37,-0.0423,2023-05-25
63,bj832885,12.26,12.64,12.26,12.34,197073.0,12.59,-0.25,-0.0199,2023-05-25
64,bj833075,9.39,9.6,9.38,9.5,69584.0,9.4,0.1,0.0106,2023-05-25
65,bj833171,3.66,3.68,3.6,3.64,273214.0,3.69,-0.05,-0.0136,2023-05-25
66,bj833230,9.28,9.28,9.15,9.18,11600.0,9.19,-0.01,-0.0011,2023-05-25
67,bj833266,7.08,7.08,6.91,6.98,202449.0,7.02,-0.04,-0.0057,2023-05-25
68,bj833346,7.0,7.02,6.95,7.01,17711.0,7.02,-0.01,-0.0014,2023-05-25
69,bj833394,14.1,14.1,13.36,13.36,2293892.0,13.96,-0.6,-0.043,2023-05-25
70,bj833427,5.59,5.59,5.28,5.3,318866.0,5.49,-0.19,-0.0346,2023-05-25
71,bj833429,7.61,7.64,7.5,7.53,88146.0,7.63,-0.1,-0.0131,2023-05-25
72,bj833454,5.59,5.63,5.53,5.57,49320.0,5.6,-0.03,-0.0054,2023-05-25
73,bj833509,9.37,9.37,9.13,9.34,17235.0,9.37,-0.03,-0.0032,2023-05-25
74,bj833523,12.32,12.5,12.3,12.32,123861.0,12.41,-0.09,-0.0073,2023-05-25
75,bj833533,23.08,23.1,21.85,22.05,349411.0,22.95,-0.9,-0.0392,2023-05-25
76,bj833575,32.13,32.75,32.09,32.13,179503.0,32.83,-0.7,-0.0213,2023-05-25
77,bj833580,4.16,4.21,4.16,4.19,114262.0,4.19,0.0,0.0,2023-05-25
78,bj833781,6.17,6.23,6.15,6.16,98096.0,6.17,-0.01,-0.0016,2023-05-25
79,bj833819,4.75,4.82,4.74,4.79,719546.0,4.79,0.0,0.0,2023-05-25
80,bj833873,3.15,3.18,3.13,3.14,242597.0,3.16,-0.02,-0.0063,2023-05-25
81,bj833914,9.66,9.71,9.5,9.62,147032.0,9.7,-0.08,-0.0082,2023-05-25
82,bj833943,9.71,9.8,9.31,9.5,461752.0,9.85,-0.35,-0.0355,2023-05-25
83,bj834014,11.7,11.76,11.7,11.73,33448.0,11.73,0.0,0.0,2023-05-25
84,bj834021,3.11,3.15,3.02,3.1,1951002.0,3.12,-0.02,-0.0064,2023-05-25
85,bj834033,38.4,38.44,35.6,36.4,283323.0,37.82,-1.42,-0.0375,2023-05-25
86,bj834062,5.78,5.83,5.65,5.65,999657.0,5.78,-0.13,-0.0225,2023-05-25
87,bj834261,9.02,9.02,8.87,9.0,169033.0,9.01,-0.01,-0.0011,2023-05-25
88,bj834407,6.64,6.74,6.57,6.7,125708.0,6.71,-0.01,-0.0015,2023-05-25
89,bj834415,4.2,4.23,4.06,4.09,718707.0,4.25,-0.16,-0.0376,2023-05-25
90,bj834475,8.1,8.35,7.75,8.19,924810.0,8.17,0.02,0.0024,2023-05-25
91,bj834599,7.28,7.45,7.23,7.28,772955.0,7.25,0.03,0.0041,2023-05-25
92,bj834639,4.33,4.35,4.27,4.28,654823.0,4.32,-0.04,-0.0093,2023-05-25
93,bj834682,5.37,5.4,5.35,5.4,300754.0,5.4,0.0,0.0,2023-05-25
94,bj834765,6.11,6.15,6.11,6.13,23700.0,6.13,0.0,0.0,2023-05-25
95,bj834770,5.68,6.27,5.68,6.15,9573918.0,5.79,0.36,0.0622,2023-05-25
96,bj834950,10.88,10.92,10.67,10.72,80862.0,10.88,-0.16,-0.0147,2023-05-25
97,bj835174,8.63,8.68,8.18,8.39,1348454.0,8.6,-0.21,-0.0244,2023-05-25
98,bj835179,24.5,24.89,24.25,24.48,569496.0,24.8,-0.32,-0.0129,2023-05-25
99,bj835184,4.36,4.49,4.32,4.49,98223.0,4.45,0.04,0.009,2023-05-25
100,bj835185,27.15,27.45,27.0,27.05,416602.0,27.15,-0.1,-0.0037,2023-05-25
101,bj835207,6.47,6.53,6.3,6.39,485814.0,6.53,-0.14,-0.0214,2023-05-25
102,bj835237,13.26,13.34,13.21,13.23,37649.0,13.3,-0.07,-0.0053,2023-05-25
103,bj835305,19.45,20.78,18.13,18.95,6306368.0,19.51,-0.56,-0.0287,2023-05-25
104,bj835368,54.22,55.35,54.0,54.8,292305.0,54.7,0.1,0.0018,2023-05-25
105,bj835508,6.52,6.52,6.43,6.51,36633.0,6.54,-0.03,-0.0046,2023-05-25
106,bj835640,17.5,17.99,17.42,17.56,169072.0,17.51,0.05,0.0029,2023-05-25
107,bj835670,11.57,11.59,10.4,10.75,3889976.0,11.61,-0.86,-0.0741,2023-05-25
108,bj835857,3.41,3.43,3.39,3.41,279035.0,3.42,-0.01,-0.0029,2023-05-25
109,bj835892,10.07,10.15,9.9,9.98,123109.0,10.16,-0.18,-0.0177,2023-05-25
110,bj835985,7.05,7.67,6.9,7.27,4491625.0,7.22,0.05,0.0069,2023-05-25
111,bj836077,23.55,24.51,23.32,23.43,526729.0,23.28,0.15,0.0064,2023-05-25
112,bj836149,3.71,3.72,3.66,3.69,62869.0,3.7,-0.01,-0.0027,2023-05-25
113,bj836239,16.3,16.64,16.3,16.43,331022.0,16.49,-0.06,-0.0036,2023-05-25
114,bj836247,6.2,6.27,6.2,6.25,135952.0,6.22,0.03,0.0048,2023-05-25
115,bj836260,5.37,5.37,5.25,5.33,99978.0,5.33,0.0,0.0,2023-05-25
116,bj836263,5.33,5.33,5.2,5.24,466664.0,5.35,-0.11,-0.0206,2023-05-25
117,bj836270,14.19,14.27,14.11,14.27,83554.0,14.4,-0.13,-0.009,2023-05-25
118,bj836395,6.89,6.89,6.8,6.83,64115.0,6.89,-0.06,-0.0087,2023-05-25
119,bj836414,21.18,21.55,21.08,21.45,93869.0,21.5,-0.05,-0.0023,2023-05-25
120,bj836422,6.61,6.61,6.42,6.42,102809.0,6.55,-0.13,-0.0198,2023-05-25
121,bj836433,3.47,3.52,3.43,3.48,488860.0,3.47,0.01,0.0029,2023-05-25
122,bj836675,4.82,4.85,4.77,4.83,122698.0,4.88,-0.05,-0.0102,2023-05-25
123,bj836699,11.25,11.55,10.75,11.04,1617358.0,11.64,-0.6,-0.0515,2023-05-25
124,bj836720,6.19,6.19,6.1,6.14,223729.0,6.17,-0.03,-0.0049,2023-05-25
125,bj836807,5.59,5.59,5.56,5.58,56481.0,5.59,-0.01,-0.0018,2023-05-25
126,bj836826,7.56,7.59,7.42,7.58,93375.0,7.56,0.02,0.0026,2023-05-25
127,bj836871,4.65,4.76,4.65,4.74,74369.0,4.73,0.01,0.0021,2023-05-25
128,bj836892,11.05,11.06,10.55,10.83,707432.0,11.19,-0.36,-0.0322,2023-05-25
129,bj836942,9.76,9.9,9.76,9.86,24912.0,9.86,0.0,0.0,2023-05-25
130,bj836957,5.2,5.2,5.13,5.13,35571.0,5.15,-0.02,-0.0039,2023-05-25
131,bj837006,15.23,16.11,14.73,15.08,5843859.0,15.37,-0.29,-0.0189,2023-05-25
132,bj837046,5.91,6.17,5.7,5.74,2613602.0,6.02,-0.28,-0.0465,2023-05-25
133,bj837092,15.88,16.23,15.5,15.66,136060.0,16.08,-0.42,-0.0261,2023-05-25
134,bj837212,6.04,6.12,6.04,6.04,111486.0,6.08,-0.04,-0.0066,2023-05-25
135,bj837242,9.09,9.09,8.82,8.9,55276.0,8.98,-0.08,-0.0089,2023-05-25
136,bj837344,16.3,16.66,16.29,16.57,65052.0,16.53,0.04,0.0024,2023-05-25
137,bj837663,11.55,11.77,11.54,11.59,355744.0,11.55,0.04,0.0035,2023-05-25
138,bj837821,8.88,8.96,8.7,8.75,238749.0,8.75,0.0,0.0,2023-05-25
139,bj838030,2.66,2.68,2.6,2.6,245528.0,2.72,-0.12,-0.0441,2023-05-25
140,bj838163,5.75,5.81,5.61,5.61,66654.0,5.77,-0.16,-0.0277,2023-05-25
141,bj838171,9.38,9.38,9.02,9.13,329449.0,9.29,-0.16,-0.0172,2023-05-25
142,bj838227,20.93,22.0,20.48,20.95,343204.0,21.13,-0.18,-0.0085,2023-05-25
143,bj838262,9.06,9.29,9.03,9.21,251896.0,9.35,-0.14,-0.015,2023-05-25
144,bj838275,3.15,3.15,3.08,3.13,22060.0,3.12,0.01,0.0032,2023-05-25
145,bj838402,13.58,13.97,13.47,13.57,2029421.0,13.78,-0.21,-0.0152,2023-05-25
146,bj838670,8.55,8.55,8.39,8.45,519580.0,8.49,-0.04,-0.0047,2023-05-25
147,bj838810,8.17,8.17,8.01,8.05,75858.0,8.09,-0.04,-0.0049,2023-05-25
148,bj838837,4.74,4.74,4.41,4.42,4459865.0,4.77,-0.35,-0.0734,2023-05-25
149,bj838924,6.43,6.5,6.2,6.3,189751.0,6.48,-0.18,-0.0278,2023-05-25
150,bj838971,8.67,8.67,8.56,8.65,34257.0,8.6,0.05,0.0058,2023-05-25
151,bj839167,11.8,12.57,11.6,12.2,1169655.0,11.78,0.42,0.0357,2023-05-25
152,bj839273,10.52,10.52,10.35,10.46,103635.0,10.63,-0.17,-0.016,2023-05-25
153,bj839371,3.49,3.49,3.4,3.43,416182.0,3.46,-0.03,-0.0087,2023-05-25
154,bj839680,15.04,15.57,14.91,15.2,834853.0,15.19,0.01,0.0007,2023-05-25
155,bj839725,17.4,17.57,17.05,17.3,451615.0,17.54,-0.24,-0.0137,2023-05-25
156,bj839729,7.9,7.9,7.84,7.89,141313.0,7.88,0.01,0.0013,2023-05-25
157,bj839790,6.09,6.09,5.79,5.85,488976.0,6.02,-0.17,-0.0282,2023-05-25
158,bj839792,6.46,6.5,6.45,6.48,171175.0,6.52,-0.04,-0.0061,2023-05-25
159,bj839946,2.63,2.63,2.59,2.6,81229.0,2.64,-0.04,-0.0152,2023-05-25
160,bj870199,14.46,14.78,14.45,14.57,27050.0,14.6,-0.03,-0.0021,2023-05-25
161,bj870204,9.9,9.96,9.82,9.9,193828.0,9.9,0.0,0.0,2023-05-25
162,bj870299,4.35,4.44,4.22,4.35,398117.0,4.38,-0.03,-0.0068,2023-05-25
163,bj870357,12.2,12.25,12.11,12.2,96291.0,12.18,0.02,0.0016,2023-05-25
164,bj870436,6.2,6.25,6.07,6.15,47712.0,6.16,-0.01,-0.0016,2023-05-25
165,bj870508,8.0,8.1,7.98,7.98,20344.0,8.0,-0.02,-0.0025,2023-05-25
166,bj870866,5.73,5.77,5.71,5.75,132134.0,5.74,0.01,0.0017,2023-05-25
167,bj871245,8.8,8.86,8.63,8.78,12673.0,8.81,-0.03,-0.0034,2023-05-25
168,bj871396,6.66,6.67,6.55,6.56,17611.0,6.66,-0.1,-0.015,2023-05-25
169,bj871478,19.5,20.74,16.7,17.15,8703247.0,20.2,-3.05,-0.151,2023-05-25
170,bj871553,3.22,3.3,3.22,3.29,41468.0,3.29,0.0,0.0,2023-05-25
171,bj871634,7.51,7.68,7.51,7.55,23061.0,7.6,-0.05,-0.0066,2023-05-25
172,bj871642,7.66,7.75,7.54,7.66,143135.0,7.66,0.0,0.0,2023-05-25
173,bj871694,14.05,14.25,13.53,13.57,794056.0,14.23,-0.66,-0.0464,2023-05-25
174,bj871753,7.86,7.86,7.64,7.76,153734.0,7.81,-0.05,-0.0064,2023-05-25
175,bj871857,8.36,8.5,8.36,8.47,23486.0,8.48,-0.01,-0.0012,2023-05-25
176,bj871970,8.24,8.37,8.15,8.36,103606.0,8.41,-0.05,-0.0059,2023-05-25
177,bj871981,13.81,14.2,13.81,14.18,86897.0,13.95,0.23,0.0165,2023-05-25
178,bj872190,11.3,11.37,11.1,11.25,115041.0,11.31,-0.06,-0.0053,2023-05-25
179,bj872351,5.73,5.74,5.63,5.68,126247.0,5.72,-0.04,-0.007,2023-05-25
180,bj872374,8.85,8.91,8.78,8.86,254010.0,8.84,0.02,0.0023,2023-05-25
181,bj872392,6.56,6.66,6.54,6.54,47000.0,6.64,-0.1,-0.0151,2023-05-25
182,bj872541,3.53,3.53,3.37,3.4,1890035.0,3.5,-0.1,-0.0286,2023-05-25
183,bj872808,139.3,149.0,131.6,140.7,3487313.0,129.78,10.92,0.0841,2023-05-25
184,bj872895,5.98,6.07,5.94,5.94,130636.0,6.04,-0.1,-0.0166,2023-05-25
185,bj872925,21.78,21.78,20.15,20.83,380058.0,21.75,-0.92,-0.0423,2023-05-25
186,bj873001,7.07,7.09,7.0,7.04,179934.0,7.07,-0.03,-0.0042,2023-05-25
187,bj873122,13.28,13.28,12.6,12.85,646498.0,12.72,0.13,0.0102,2023-05-25
188,bj873152,12.04,12.12,11.87,11.96,1354898.0,12.14,-0.18,-0.0148,2023-05-25
189,bj873167,10.16,10.18,9.85,9.97,565131.0,10.15,-0.18,-0.0177,2023-05-25
190,bj873169,5.57,5.6,5.52,5.55,168867.0,5.58,-0.03,-0.0054,2023-05-25
191,bj873223,2.97,3.0,2.97,2.98,139254.0,2.98,0.0,0.0,2023-05-25
192,bj873305,10.42,10.42,10.24,10.32,58511.0,10.42,-0.1,-0.0096,2023-05-25
193,bj873339,4.8,4.87,4.8,4.84,41495.0,4.86,-0.02,-0.0041,2023-05-25
194,bj873527,7.12,7.33,7.12,7.22,35613.0,7.28,-0.06,-0.0082,2023-05-25
195,bj873593,72.27,76.6,70.74,72.72,2095979.0,73.98,-1.26,-0.017,2023-05-25
196,sh600000,7.26,7.33,7.24,7.31,34408974.0,7.29,0.02,0.0027,2023-05-25
197,sh600004,13.5,13.63,13.1,13.58,20041267.0,13.53,0.05,0.0037,2023-05-25
198,sh600006,5.58,5.6,5.47,5.54,15188071.0,5.57,-0.03,-0.0054,2023-05-25
199,sh600007,18.65,18.92,18.58,18.78,2965061.0,18.73,0.05,0.0027,2023-05-25
200,sh600008,2.98,3.0,2.95,2.97,56668952.0,2.99,-0.02,-0.0067,2023-05-25
201,sh600009,47.28,47.77,46.8,47.37,7116543.0,47.29,0.08,0.0017,2023-05-25
202,sh600010,1.82,1.84,1.81,1.83,161862247.0,1.83,0.0,0.0,2023-05-25
203,sh600011,9.14,9.52,9.1,9.41,49533012.0,9.16,0.25,0.0273,2023-05-25
204,sh600012,9.97,10.22,9.88,10.07,7143100.0,9.96,0.11,0.011,2023-05-25
205,sh600015,5.73,5.76,5.66,5.74,37418163.0,5.75,-0.01,-0.0017,2023-05-25
206,sh600016,3.89,3.92,3.87,3.91,113068922.0,3.91,0.0,0.0,2023-05-25
207,sh600017,3.02,3.05,2.99,3.04,31042700.0,3.02,0.02,0.0066,2023-05-25
208,sh600018,5.22,5.24,5.2,5.23,15894014.0,5.23,0.0,0.0,2023-05-25
209,sh600019,5.96,6.02,5.91,5.99,42624121.0,5.99,0.0,0.0,2023-05-25
210,sh600020,3.47,3.49,3.42,3.47,15001400.0,3.49,-0.02,-0.0057,2023-05-25
211,sh600021,10.6,11.23,10.54,10.96,73993459.0,10.7,0.26,0.0243,2023-05-25
212,sh600022,1.46,1.47,1.44,1.45,66191671.0,1.46,-0.01,-0.0068,2023-05-25
213,sh600023,4.71,4.85,4.67,4.75,39638398.0,4.72,0.03,0.0064,2023-05-25
214,sh600025,7.39,7.44,7.34,7.4,14028881.0,7.39,0.01,0.0014,2023-05-25
215,sh600026,11.5,11.54,11.17,11.36,39589264.0,11.59,-0.23,-0.0198,2023-05-25
216,sh600027,6.02,6.23,6.02,6.17,79275381.0,6.0,0.17,0.0283,2023-05-25
217,sh600028,6.04,6.11,5.96,6.09,225986596.0,6.09,0.0,0.0,2023-05-25
218,sh600029,6.41,6.42,6.31,6.36,48719446.0,6.43,-0.07,-0.0109,2023-05-25
219,sh600030,20.21,20.36,20.1,20.32,66011739.0,20.28,0.04,0.002,2023-05-25
220,sh600031,15.52,15.59,15.11,15.29,62263379.0,15.54,-0.25,-0.0161,2023-05-25
221,sh600032,12.47,13.65,12.25,13.47,49219596.0,12.46,1.01,0.0811,2023-05-25
222,sh600033,3.08,3.11,3.05,3.1,12894330.0,3.08,0.02,0.0065,2023-05-25
223,sh600035,3.99,4.03,3.97,4.01,16007618.0,4.0,0.01,0.0025,2023-05-25
224,sh600036,32.76,32.76,32.16,32.42,70605103.0,32.93,-0.51,-0.0155,2023-05-25
225,sh600037,8.37,8.43,8.09,8.23,22886226.0,8.36,-0.13,-0.0156,2023-05-25
226,sh600038,39.15,39.62,39.02,39.35,3938773.0,39.12,0.23,0.0059,2023-05-25
227,sh600039,13.92,14.09,13.8,14.05,10678271.0,14.03,0.02,0.0014,2023-05-25
228,sh600048,12.8,13.0,12.7,12.83,49127768.0,12.88,-0.05,-0.0039,2023-05-25
229,sh600050,4.76,4.82,4.65,4.76,310796091.0,4.77,-0.01,-0.0021,2023-05-25
230,sh600051,7.34,7.46,7.29,7.41,3801000.0,7.34,0.07,0.0095,2023-05-25
231,sh600052,4.59,4.64,4.48,4.55,4424622.0,4.62,-0.07,-0.0152,2023-05-25
232,sh600053,12.81,12.98,12.65,12.84,1338651.0,12.87,-0.03,-0.0023,2023-05-25
233,sh600054,12.44,12.48,12.21,12.39,3860700.0,12.45,-0.06,-0.0048,2023-05-25
234,sh600055,21.75,21.83,21.13,21.28,5056995.0,21.81,-0.53,-0.0243,2023-05-25
235,sh600056,14.03,14.04,13.56,13.72,38262190.0,14.1,-0.38,-0.027,2023-05-25
236,sh600057,9.75,9.8,9.4,9.54,23993462.0,9.83,-0.29,-0.0295,2023-05-25
237,sh600058,9.57,9.71,9.45,9.53,5962566.0,9.61,-0.08,-0.0083,2023-05-25
238,sh600059,9.87,9.97,9.61,9.76,8536694.0,9.9,-0.14,-0.0141,2023-05-25
239,sh600060,21.63,21.72,21.07,21.54,11955398.0,21.64,-0.1,-0.0046,2023-05-25
240,sh600061,7.1,7.15,7.05,7.14,22855372.0,7.12,0.02,0.0028,2023-05-25
241,sh600062,18.5,18.77,18.2,18.57,13597063.0,18.66,-0.09,-0.0048,2023-05-25
242,sh600063,5.25,5.28,5.15,5.18,14004000.0,5.27,-0.09,-0.0171,2023-05-25
243,sh600064,6.6,6.63,6.54,6.63,19491658.0,6.59,0.04,0.0061,2023-05-25
244,sh600066,12.55,12.84,12.35,12.61,14378480.0,12.6,0.01,0.0008,2023-05-25
245,sh600067,2.79,2.79,2.72,2.76,11309097.0,2.79,-0.03,-0.0108,2023-05-25
246,sh600070,3.66,3.81,3.66,3.71,8078800.0,3.76,-0.05,-0.0133,2023-05-25
247,sh600071,18.66,19.19,18.61,19.13,2547958.0,18.81,0.32,0.017,2023-05-25
248,sh600072,21.9,22.99,21.63,22.57,79816967.0,22.43,0.14,0.0062,2023-05-25
249,sh600073,7.6,7.64,7.48,7.55,14838909.0,7.63,-0.08,-0.0105,2023-05-25
250,sh600075,5.04,5.06,4.99,5.02,5982293.0,5.05,-0.03,-0.0059,2023-05-25
251,sh600076,2.74,2.78,2.73,2.75,3521900.0,2.74,0.01,0.0036,2023-05-25
252,sh600077,0.78,0.79,0.78,0.78,17373900.0,0.82,-0.04,-0.0488,2023-05-25
253,sh600078,9.02,9.23,9.01,9.08,4501200.0,9.08,0.0,0.0,2023-05-25
254,sh600079,24.63,24.68,24.08,24.36,10139000.0,24.66,-0.3,-0.0122,2023-05-25
255,sh600080,7.56,7.6,7.43,7.5,3739160.0,7.62,-0.12,-0.0157,2023-05-25
256,sh600081,11.29,11.49,11.18,11.27,3489101.0,11.28,-0.01,-0.0009,2023-05-25
257,sh600082,3.13,3.13,3.06,3.13,6804200.0,3.13,0.0,0.0,2023-05-25
258,sh600083,6.85,6.9,6.69,6.85,1955800.0,6.88,-0.03,-0.0044,2023-05-25
259,sh600084,7.55,7.57,7.47,7.53,3090000.0,7.57,-0.04,-0.0053,2023-05-25
260,sh600085,56.76,58.55,56.64,57.53,15008619.0,56.63,0.9,0.0159,2023-05-25
261,sh600088,13.89,14.12,13.44,13.73,29632040.0,14.19,-0.46,-0.0324,2023-05-25
262,sh600089,22.6,22.93,22.56,22.78,34377582.0,22.64,0.14,0.0062,2023-05-25
263,sh600094,3.09,3.14,3.06,3.12,17284700.0,3.13,-0.01,-0.0032,2023-05-25
264,sh600095,8.08,8.38,8.06,8.38,48639710.0,8.14,0.24,0.0295,2023-05-25
265,sh600096,17.81,17.81,17.22,17.43,25398591.0,17.83,-0.4,-0.0224,2023-05-25
266,sh600097,9.8,9.83,9.57,9.65,2201738.0,9.8,-0.15,-0.0153,2023-05-25
267,sh600098,6.13,6.25,6.13,6.22,18234295.0,6.16,0.06,0.0097,2023-05-25
268,sh600099,8.78,8.78,8.55,8.72,1512800.0,8.71,0.01,0.0011,2023-05-25
269,sh600100,7.86,8.11,7.56,7.94,111453610.0,7.79,0.15,0.0193,2023-05-25
270,sh600101,9.05,9.28,9.01,9.21,9942968.0,9.07,0.14,0.0154,2023-05-25
271,sh600103,2.45,2.47,2.41,2.45,24403850.0,2.46,-0.01,-0.0041,2023-05-25
272,sh600104,13.38,13.42,13.15,13.22,22349891.0,13.4,-0.18,-0.0134,2023-05-25
273,sh600105,6.25,6.44,5.9,6.13,133812663.0,6.25,-0.12,-0.0192,2023-05-25
274,sh600106,4.53,4.74,4.52,4.61,9021527.0,4.54,0.07,0.0154,2023-05-25
275,sh600107,5.5,5.56,5.45,5.54,1965256.0,5.5,0.04,0.0073,2023-05-25
276,sh600108,3.04,3.06,3.03,3.05,14788386.0,3.05,0.0,0.0,2023-05-25
277,sh600109,8.69,8.77,8.61,8.75,27847020.0,8.73,0.02,0.0023,2023-05-25
278,sh600110,7.12,7.18,7.06,7.12,7621250.0,7.13,-0.01,-0.0014,2023-05-25
279,sh600111,24.07,24.26,23.9,24.11,18350204.0,24.2,-0.09,-0.0037,2023-05-25
280,sh600112,3.24,3.27,3.16,3.17,4713600.0,3.3,-0.13,-0.0394,2023-05-25
281,sh600113,7.49,7.49,7.18,7.27,3861512.0,7.43,-0.16,-0.0215,2023-05-25
282,sh600114,7.8,7.91,7.63,7.74,7202696.0,7.79,-0.05,-0.0064,2023-05-25
283,sh600115,4.74,4.75,4.68,4.72,20748642.0,4.74,-0.02,-0.0042,2023-05-25
284,sh600116,9.01,9.16,8.93,9.01,8999105.0,9.05,-0.04,-0.0044,2023-05-25
285,sh600117,2.92,3.04,2.91,2.99,8761894.0,3.03,-0.04,-0.0132,2023-05-25
286,sh600118,25.84,26.15,25.55,25.93,10843274.0,25.98,-0.05,-0.0019,2023-05-25
287,sh600119,6.11,6.16,5.94,6.0,4133821.0,6.1,-0.1,-0.0164,2023-05-25
288,sh600120,3.87,3.9,3.81,3.86,17860689.0,3.88,-0.02,-0.0052,2023-05-25
289,sh600121,4.54,4.54,4.44,4.51,10257920.0,4.53,-0.02,-0.0044,2023-05-25
290,sh600122,0.4,0.4,0.4,0.4,4256800.0,0.42,-0.02,-0.0476,2023-05-25
291,sh600123,12.35,12.39,12.02,12.16,10264508.0,12.37,-0.21,-0.017,2023-05-25
292,sh600125,6.08,6.13,5.96,6.07,28181776.0,6.09,-0.02,-0.0033,2023-05-25
293,sh600126,4.47,4.51,4.43,4.48,11115751.0,4.48,0.0,0.0,2023-05-25
294,sh600127,7.19,7.19,7.05,7.1,5495769.0,7.18,-0.08,-0.0111,2023-05-25
295,sh600128,8.17,8.22,8.09,8.16,3504800.0,8.18,-0.02,-0.0024,2023-05-25
296,sh600129,59.0,62.18,58.2,61.17,8402158.0,60.46,0.71,0.0117,2023-05-25
297,sh600130,4.15,4.19,4.07,4.15,8733267.0,4.16,-0.01,-0.0024,2023-05-25
298,sh600131,18.46,18.83,18.18,18.75,7992517.0,18.52,0.23,0.0124,2023-05-25
299,sh600132,93.21,95.0,92.7,94.38,3715217.0,94.0,0.38,0.004,2023-05-25
300,sh600133,5.87,5.91,5.81,5.88,9818600.0,5.88,0.0,0.0,2023-05-25
301,sh600135,7.4,7.45,7.23,7.38,6811455.0,7.43,-0.05,-0.0067,2023-05-25
302,sh600136,2.45,2.45,2.37,2.37,14570000.0,2.49,-0.12,-0.0482,2023-05-25
303,sh600137,15.76,15.88,15.52,15.88,1140400.0,15.77,0.11,0.007,2023-05-25
304,sh600138,12.4,12.54,12.27,12.45,9641110.0,12.45,0.0,0.0,2023-05-25
305,sh600141,22.8,22.83,22.2,22.44,12727500.0,22.84,-0.4,-0.0175,2023-05-25
306,sh600143,8.96,9.02,8.82,8.88,9242000.0,8.96,-0.08,-0.0089,2023-05-25
307,sh600148,14.0,14.15,13.89,14.09,1023873.0,14.03,0.06,0.0043,2023-05-25
308,sh600149,5.65,5.99,5.6,5.85,12747151.0,5.64,0.21,0.0372,2023-05-25
309,sh600150,27.5,28.28,27.41,28.17,90673293.0,27.78,0.39,0.014,2023-05-25
310,sh600151,8.45,8.64,8.38,8.51,9201700.0,8.45,0.06,0.0071,2023-05-25
311,sh600152,9.8,9.83,9.5,9.61,24799231.0,9.75,-0.14,-0.0144,2023-05-25
312,sh600153,10.9,11.07,10.8,10.96,15657948.0,10.99,-0.03,-0.0027,2023-05-25
313,sh600155,6.36,6.4,6.27,6.34,44073602.0,6.38,-0.04,-0.0063,2023-05-25
314,sh600156,4.45,4.5,4.35,4.45,3843700.0,4.41,0.04,0.0091,2023-05-25
315,sh600157,1.51,1.51,1.49,1.5,194126385.0,1.5,0.0,0.0,2023-05-25
316,sh600158,9.93,10.28,9.78,9.96,30197195.0,9.92,0.04,0.004,2023-05-25
317,sh600159,2.53,2.54,2.49,2.53,6375800.0,2.53,0.0,0.0,2023-05-25
318,sh600160,14.0,14.09,13.69,13.9,17356444.0,14.01,-0.11,-0.0079,2023-05-25
319,sh600161,26.88,27.07,26.68,26.86,4270097.0,27.0,-0.14,-0.0052,2023-05-25
320,sh600162,1.88,1.91,1.86,1.88,17974450.0,1.88,0.0,0.0,2023-05-25
321,sh600163,5.64,5.83,5.61,5.8,39539408.0,5.64,0.16,0.0284,2023-05-25
322,sh600165,4.23,4.25,4.14,4.19,9302100.0,4.22,-0.03,-0.0071,2023-05-25
323,sh600166,3.15,3.15,3.05,3.1,60939898.0,3.17,-0.07,-0.0221,2023-05-25
324,sh600167,7.13,7.18,7.07,7.14,5851187.0,7.09,0.05,0.0071,2023-05-25
325,sh600168,6.04,6.07,5.97,6.03,1944500.0,6.03,0.0,0.0,2023-05-25
326,sh600169,2.46,2.5,2.44,2.48,12268546.0,2.45,0.03,0.0122,2023-05-25
327,sh600170,2.57,2.59,2.56,2.59,47977391.0,2.58,0.01,0.0039,2023-05-25
328,sh600171,18.35,18.56,18.1,18.4,7922686.0,18.41,-0.01,-0.0005,2023-05-25
329,sh600172,4.29,4.32,4.2,4.25,20583200.0,4.33,-0.08,-0.0185,2023-05-25
330,sh600173,4.98,5.0,4.92,5.0,3380700.0,4.98,0.02,0.004,2023-05-25
331,sh600176,13.8,13.8,13.19,13.59,26899864.0,13.78,-0.19,-0.0138,2023-05-25
332,sh600177,6.76,6.8,6.69,6.76,10381145.0,6.78,-0.02,-0.0029,2023-05-25
333,sh600178,6.05,6.07,5.9,5.98,4025600.0,6.05,-0.07,-0.0116,2023-05-25
334,sh600179,2.96,2.99,2.94,2.97,11713480.0,2.96,0.01,0.0034,2023-05-25
335,sh600180,6.21,6.23,6.08,6.18,10100400.0,6.25,-0.07,-0.0112,2023-05-25
336,sh600182,16.79,17.34,16.19,16.19,6179618.0,17.04,-0.85,-0.0499,2023-05-25
337,sh600183,15.08,15.25,14.82,15.06,11758610.0,15.07,-0.01,-0.0007,2023-05-25
338,sh600184,12.31,12.47,12.18,12.31,3511016.0,12.25,0.06,0.0049,2023-05-25
339,sh600185,7.44,7.57,7.41,7.53,16777526.0,7.47,0.06,0.008,2023-05-25
340,sh600186,2.76,2.76,2.69,2.73,14112500.0,2.77,-0.04,-0.0144,2023-05-25
341,sh600187,2.73,2.82,2.69,2.77,43388062.0,2.74,0.03,0.0109,2023-05-25
342,sh600188,33.3,33.39,32.35,32.82,20880794.0,33.52,-0.7,-0.0209,2023-05-25
343,sh600189,5.85,5.87,5.77,5.83,5077971.0,5.89,-0.06,-0.0102,2023-05-25
344,sh600190,3.11,3.14,3.06,3.11,15814800.0,3.12,-0.01,-0.0032,2023-05-25
345,sh600191,5.93,5.93,5.65,5.77,7118116.0,5.93,-0.16,-0.027,2023-05-25
346,sh600192,5.6,5.73,5.54,5.67,7564561.0,5.59,0.08,0.0143,2023-05-25
347,sh600193,5.25,5.32,5.15,5.19,4139900.0,5.29,-0.1,-0.0189,2023-05-25
348,sh600195,12.43,12.46,12.18,12.42,8008593.0,12.45,-0.03,-0.0024,2023-05-25
349,sh600196,31.57,31.59,31.09,31.27,12232771.0,31.72,-0.45,-0.0142,2023-05-25
350,sh600197,28.55,28.62,27.84,28.0,6950927.0,28.6,-0.6,-0.021,2023-05-25
351,sh600198,6.48,6.55,6.3,6.39,7900200.0,6.44,-0.05,-0.0078,2023-05-25
352,sh600199,23.95,24.13,23.4,23.79,12230936.0,23.94,-0.15,-0.0063,2023-05-25
353,sh600200,7.75,7.83,7.63,7.73,9218689.0,7.77,-0.04,-0.0051,2023-05-25
354,sh600201,10.24,10.39,10.08,10.16,11304884.0,10.24,-0.08,-0.0078,2023-05-25
355,sh600202,5.45,5.55,5.43,5.53,5391901.0,5.48,0.05,0.0091,2023-05-25
356,sh600203,5.92,5.95,5.79,5.86,5409600.0,5.89,-0.03,-0.0051,2023-05-25
357,sh600206,13.39,13.49,13.18,13.36,9165574.0,13.39,-0.03,-0.0022,2023-05-25
358,sh600207,5.91,6.06,5.86,5.99,9854340.0,5.9,0.09,0.0153,2023-05-25
359,sh600208,2.69,2.7,2.65,2.68,53630430.0,2.7,-0.02,-0.0074,2023-05-25
360,sh600210,5.15,5.18,5.05,5.11,14523926.0,5.16,-0.05,-0.0097,2023-05-25
361,sh600211,54.54,55.61,54.0,55.23,3146407.0,54.61,0.62,0.0114,2023-05-25
362,sh600212,9.23,9.98,9.23,9.79,37281767.0,9.13,0.66,0.0723,2023-05-25
363,sh600213,9.05,9.15,8.92,9.06,4427100.0,9.14,-0.08,-0.0088,2023-05-25
364,sh600215,7.04,7.09,6.92,7.0,7100100.0,7.05,-0.05,-0.0071,2023-05-25
365,sh600216,11.63,11.65,11.44,11.51,5061582.0,11.63,-0.12,-0.0103,2023-05-25
366,sh600217,5.03,5.07,4.99,5.01,7006263.0,5.04,-0.03,-0.006,2023-05-25
367,sh600218,8.67,8.67,8.51,8.62,1998600.0,8.61,0.01,0.0012,2023-05-25
368,sh600219,3.05,3.08,3.02,3.06,47771639.0,3.07,-0.01,-0.0033,2023-05-25
369,sh600220,2.41,2.43,2.39,2.41,8366404.0,2.43,-0.02,-0.0082,2023-05-25
370,sh600221,1.66,1.66,1.62,1.64,101438461.0,1.66,-0.02,-0.012,2023-05-25
371,sh600222,6.08,6.09,5.93,5.99,8517492.0,6.06,-0.07,-0.0116,2023-05-25
372,sh600223,10.51,10.63,10.36,10.47,6990583.0,10.54,-0.07,-0.0066,2023-05-25
373,sh600225,4.21,4.28,4.15,4.23,23253357.0,4.26,-0.03,-0.007,2023-05-25
374,sh600226,2.49,2.64,2.48,2.59,41129416.0,2.51,0.08,0.0319,2023-05-25
375,sh600227,2.7,2.7,2.66,2.68,3489100.0,2.7,-0.02,-0.0074,2023-05-25
376,sh600228,11.63,11.82,10.8,11.25,36303007.0,12.0,-0.75,-0.0625,2023-05-25
377,sh600229,8.41,8.54,8.2,8.37,11883801.0,8.45,-0.08,-0.0095,2023-05-25
378,sh600230,15.3,15.31,14.51,14.6,6933104.0,15.38,-0.78,-0.0507,2023-05-25
379,sh600231,2.21,2.22,2.17,2.21,7346469.0,2.2,0.01,0.0045,2023-05-25
380,sh600232,5.41,5.43,5.31,5.43,3467410.0,5.39,0.04,0.0074,2023-05-25
381,sh600233,16.09,16.15,15.8,15.94,9964553.0,16.16,-0.22,-0.0136,2023-05-25
382,sh600234,6.29,6.3,6.12,6.27,1552562.0,6.24,0.03,0.0048,2023-05-25
383,sh600235,5.33,5.35,5.23,5.31,3046000.0,5.35,-0.04,-0.0075,2023-05-25
384,sh600236,5.72,5.83,5.69,5.81,12521249.0,5.74,0.07,0.0122,2023-05-25
385,sh600237,7.27,7.31,7.0,7.15,27840205.0,7.22,-0.07,-0.0097,2023-05-25
386,sh600238,10.97,10.97,10.67,10.83,7369775.0,10.97,-0.14,-0.0128,2023-05-25
387,sh600239,2.2,2.26,2.17,2.21,20107694.0,2.18,0.03,0.0138,2023-05-25
388,sh600241,9.18,9.36,9.08,9.36,2731100.0,9.16,0.2,0.0218,2023-05-25
389,sh600242,0.0,0.0,0.0,0.45,0.0,0.45,0.0,0.0,2023-05-25
390,sh600243,4.26,4.32,4.22,4.28,6761300.0,4.26,0.02,0.0047,2023-05-25
391,sh600246,5.0,5.12,4.98,5.08,8905680.0,5.03,0.05,0.0099,2023-05-25
392,sh600248,5.13,5.16,5.02,5.09,65222214.0,5.14,-0.05,-0.0097,2023-05-25
393,sh600249,5.28,5.28,5.14,5.24,6542740.0,5.26,-0.02,-0.0038,2023-05-25
394,sh600250,5.89,5.92,5.79,5.91,2734300.0,5.9,0.01,0.0017,2023-05-25
395,sh600251,8.78,8.83,8.6,8.75,9959660.0,8.82,-0.07,-0.0079,2023-05-25
396,sh600252,2.5,2.51,2.45,2.46,21719700.0,2.5,-0.04,-0.016,2023-05-25
397,sh600255,2.16,2.16,2.11,2.13,10735821.0,2.16,-0.03,-0.0139,2023-05-25
398,sh600256,8.33,8.38,8.08,8.25,102858337.0,8.39,-0.14,-0.0167,2023-05-25
399,sh600257,4.89,4.89,4.76,4.82,7484701.0,4.9,-0.08,-0.0163,2023-05-25
400,sh600258,20.05,20.05,19.44,19.59,8709968.0,20.07,-0.48,-0.0239,2023-05-25
401,sh600259,36.44,36.79,35.91,36.17,2556393.0,36.53,-0.36,-0.0099,2023-05-25
402,sh600261,3.58,3.61,3.54,3.6,5540221.0,3.59,0.01,0.0028,2023-05-25
403,sh600262,20.09,20.09,19.47,19.8,2203500.0,20.09,-0.29,-0.0144,2023-05-25
404,sh600265,16.14,16.2,16.0,16.11,183300.0,16.15,-0.04,-0.0025,2023-05-25
405,sh600266,4.64,4.71,4.61,4.68,18050803.0,4.69,-0.01,-0.0021,2023-05-25
406,sh600267,12.12,12.22,11.94,12.05,9699778.0,12.19,-0.14,-0.0115,2023-05-25
407,sh600268,8.44,8.68,8.43,8.61,13227527.0,8.42,0.19,0.0226,2023-05-25
408,sh600269,3.61,3.64,3.59,3.64,15705058.0,3.6,0.04,0.0111,2023-05-25
409,sh600271,13.41,13.7,13.15,13.4,12509009.0,13.42,-0.02,-0.0015,2023-05-25
410,sh600272,9.35,9.39,9.14,9.25,1590200.0,9.35,-0.1,-0.0107,2023-05-25
411,sh600273,9.59,9.75,9.46,9.52,11259402.0,9.6,-0.08,-0.0083,2023-05-25
412,sh600276,47.67,48.25,47.18,48.06,18370535.0,47.96,0.1,0.0021,2023-05-25
413,sh600277,3.41,3.44,3.35,3.39,33265888.0,3.43,-0.04,-0.0117,2023-05-25
414,sh600278,6.88,6.93,6.77,6.84,5891100.0,6.9,-0.06,-0.0087,2023-05-25
415,sh600279,4.18,4.18,4.12,4.17,6171800.0,4.18,-0.01,-0.0024,2023-05-25
416,sh600280,2.59,2.61,2.53,2.59,26637902.0,2.6,-0.01,-0.0038,2023-05-25
417,sh600281,4.22,4.23,4.09,4.13,2877592.0,4.25,-0.12,-0.0282,2023-05-25
418,sh600282,3.35,3.36,3.33,3.36,14761001.0,3.34,0.02,0.006,2023-05-25
419,sh600283,13.1,13.74,13.06,13.72,6842075.0,13.15,0.57,0.0433,2023-05-25
420,sh600284,6.2,6.24,6.11,6.15,6873349.0,6.15,0.0,0.0,2023-05-25
421,sh600285,15.92,16.25,15.81,15.97,6185034.0,16.0,-0.03,-0.0019,2023-05-25
422,sh600287,5.2,5.2,5.09,5.15,3030495.0,5.18,-0.03,-0.0058,2023-05-25
423,sh600288,11.7,11.9,11.5,11.65,4571562.0,11.75,-0.1,-0.0085,2023-05-25
424,sh600289,2.57,2.57,2.52,2.55,1237500.0,2.57,-0.02,-0.0078,2023-05-25
425,sh600290,1.43,1.43,1.43,1.43,2878600.0,1.5,-0.07,-0.0467,2023-05-25
426,sh600292,5.84,5.89,5.79,5.86,3679300.0,5.82,0.04,0.0069,2023-05-25
427,sh600293,2.36,2.38,2.32,2.33,11009413.0,2.36,-0.03,-0.0127,2023-05-25
428,sh600295,14.41,14.45,14.21,14.33,2342871.0,14.38,-0.05,-0.0035,2023-05-25
429,sh600297,2.07,2.08,2.05,2.07,58443190.0,2.08,-0.01,-0.0048,2023-05-25
430,sh600298,38.3,38.38,37.63,37.98,5754284.0,38.38,-0.4,-0.0104,2023-05-25
431,sh600299,8.13,8.15,8.04,8.1,2875142.0,8.13,-0.03,-0.0037,2023-05-25
432,sh600300,3.06,3.07,3.02,3.07,12794222.0,3.06,0.01,0.0033,2023-05-25
433,sh600301,17.82,17.82,16.2,17.0,7837412.0,17.86,-0.86,-0.0482,2023-05-25
434,sh600302,5.17,5.22,5.12,5.22,3268860.0,5.19,0.03,0.0058,2023-05-25
435,sh600303,4.66,4.67,4.52,4.52,21085100.0,4.76,-0.24,-0.0504,2023-05-25
436,sh600305,11.15,11.18,10.97,11.05,9245898.0,11.18,-0.13,-0.0116,2023-05-25
437,sh600306,7.87,7.87,7.42,7.45,708500.0,7.81,-0.36,-0.0461,2023-05-25
438,sh600307,1.58,1.59,1.56,1.57,29535200.0,1.59,-0.02,-0.0126,2023-05-25
439,sh600308,5.29,5.3,5.16,5.19,8849303.0,5.28,-0.09,-0.017,2023-05-25
440,sh600309,87.2,87.75,86.32,86.72,6024164.0,87.71,-0.99,-0.0113,2023-05-25
441,sh600310,4.25,4.83,4.14,4.83,186280936.0,4.39,0.44,0.1002,2023-05-25
442,sh600312,10.83,11.0,10.75,10.97,16704484.0,10.82,0.15,0.0139,2023-05-25
443,sh600313,8.54,8.68,8.5,8.54,18667820.0,8.48,0.06,0.0071,2023-05-25
444,sh600315,29.49,29.93,29.39,29.6,3326631.0,29.5,0.1,0.0034,2023-05-25
445,sh600316,23.64,23.85,23.48,23.68,2629077.0,23.66,0.02,0.0008,2023-05-25
446,sh600318,6.46,6.48,6.32,6.41,6342500.0,6.44,-0.03,-0.0047,2023-05-25
447,sh600319,5.25,5.26,5.17,5.25,2141000.0,5.25,0.0,0.0,2023-05-25
448,sh600320,3.61,3.67,3.58,3.64,17415113.0,3.62,0.02,0.0055,2023-05-25
449,sh600321,1.72,1.72,1.69,1.7,8978100.0,1.72,-0.02,-0.0116,2023-05-25
450,sh600322,1.8,1.81,1.78,1.81,10526323.0,1.8,0.01,0.0056,2023-05-25
451,sh600323,19.01,19.26,18.98,19.18,1789525.0,19.05,0.13,0.0068,2023-05-25
452,sh600325,9.65,9.74,9.37,9.51,25546761.0,9.66,-0.15,-0.0155,2023-05-25
453,sh600326,6.1,6.29,5.98,6.2,37502921.0,6.13,0.07,0.0114,2023-05-25
454,sh600327,4.88,4.88,4.76,4.81,8798745.0,4.89,-0.08,-0.0164,2023-05-25
455,sh600328,13.2,13.2,12.21,12.38,55042639.0,13.57,-1.19,-0.0877,2023-05-25
456,sh600329,49.11,50.88,49.0,50.73,6247715.0,49.11,1.62,0.033,2023-05-25
457,sh600330,10.1,10.37,9.88,9.99,30726710.0,10.03,-0.04,-0.004,2023-05-25
458,sh600331,4.2,4.32,4.16,4.21,55067617.0,4.25,-0.04,-0.0094,2023-05-25
459,sh600332,32.71,32.91,32.33,32.66,7099960.0,32.75,-0.09,-0.0027,2023-05-25
460,sh600333,4.95,5.09,4.94,5.08,10234358.0,4.95,0.13,0.0263,2023-05-25
461,sh600335,10.17,10.56,10.09,10.53,29144890.0,10.23,0.3,0.0293,2023-05-25
462,sh600336,5.52,5.54,5.4,5.51,8464707.0,5.53,-0.02,-0.0036,2023-05-25
463,sh600337,3.28,3.32,3.24,3.3,10890788.0,3.3,0.0,0.0,2023-05-25
464,sh600338,18.8,18.8,18.03,18.25,15023044.0,18.87,-0.62,-0.0329,2023-05-25
465,sh600339,3.85,3.97,3.84,3.96,53977000.0,3.88,0.08,0.0206,2023-05-25
466,sh600340,2.22,2.24,2.18,2.21,46806509.0,2.23,-0.02,-0.009,2023-05-25
467,sh600343,10.01,10.18,9.92,10.04,5788517.0,10.07,-0.03,-0.003,2023-05-25
468,sh600345,20.38,20.69,19.57,19.91,6833314.0,20.33,-0.42,-0.0207,2023-05-25
469,sh600346,15.18,15.42,15.14,15.32,8042215.0,15.28,0.04,0.0026,2023-05-25
470,sh600348,13.91,13.96,13.58,13.74,20680467.0,13.98,-0.24,-0.0172,2023-05-25
471,sh600350,6.97,7.0,6.91,6.97,6167768.0,6.96,0.01,0.0014,2023-05-25
472,sh600351,6.88,6.88,6.72,6.78,10461110.0,6.88,-0.1,-0.0145,2023-05-25
473,sh600352,9.28,9.32,9.22,9.25,8239191.0,9.28,-0.03,-0.0032,2023-05-25
474,sh600353,8.1,8.27,8.02,8.16,7253488.0,8.09,0.07,0.0087,2023-05-25
475,sh600354,6.8,6.84,6.6,6.66,19817753.0,6.8,-0.14,-0.0206,2023-05-25
476,sh600355,3.23,3.26,3.15,3.21,8722100.0,3.22,-0.01,-0.0031,2023-05-25
477,sh600356,7.86,7.86,7.56,7.65,2788300.0,7.78,-0.13,-0.0167,2023-05-25
478,sh600358,5.23,5.27,5.08,5.13,6488700.0,5.23,-0.1,-0.0191,2023-05-25
479,sh600359,7.62,7.64,7.47,7.53,4736315.0,7.63,-0.1,-0.0131,2023-05-25
480,sh600360,6.89,6.96,6.81,6.92,8839930.0,6.88,0.04,0.0058,2023-05-25
481,sh600361,5.06,5.08,4.94,4.98,5334892.0,5.09,-0.11,-0.0216,2023-05-25
482,sh600362,18.4,18.52,18.13,18.32,7482888.0,18.48,-0.16,-0.0087,2023-05-25
483,sh600363,33.2,33.41,32.61,33.32,4599360.0,33.0,0.32,0.0097,2023-05-25
484,sh600365,3.31,3.35,3.25,3.29,1567100.0,3.34,-0.05,-0.015,2023-05-25
485,sh600366,8.12,8.17,8.01,8.11,6468795.0,8.14,-0.03,-0.0037,2023-05-25
486,sh600367,13.51,13.99,13.13,13.39,18769590.0,13.48,-0.09,-0.0067,2023-05-25
487,sh600368,4.07,4.09,4.02,4.08,9958683.0,4.06,0.02,0.0049,2023-05-25
488,sh600369,3.73,3.77,3.7,3.74,21720700.0,3.74,0.0,0.0,2023-05-25
489,sh600370,2.77,2.78,2.72,2.75,5125350.0,2.77,-0.02,-0.0072,2023-05-25
490,sh600371,11.67,11.69,11.48,11.56,2033207.0,11.67,-0.11,-0.0094,2023-05-25
491,sh600372,14.77,14.92,14.65,14.77,26694557.0,14.83,-0.06,-0.004,2023-05-25
492,sh600373,15.03,15.55,14.5,14.84,25170562.0,15.13,-0.29,-0.0192,2023-05-25
493,sh600375,7.17,7.87,7.17,7.87,20399058.0,7.15,0.72,0.1007,2023-05-25
494,sh600376,3.95,4.01,3.91,3.96,14691411.0,3.98,-0.02,-0.005,2023-05-25
495,sh600377,9.34,9.35,9.22,9.28,6338360.0,9.32,-0.04,-0.0043,2023-05-25
496,sh600378,38.88,38.94,38.1,38.5,1374500.0,38.89,-0.39,-0.01,2023-05-25
497,sh600379,10.37,10.55,10.3,10.46,3047615.0,10.35,0.11,0.0106,2023-05-25
498,sh600380,13.33,13.43,13.08,13.22,9567616.0,13.36,-0.14,-0.0105,2023-05-25
499,sh600381,8.25,8.27,7.9,8.01,8560300.0,8.27,-0.26,-0.0314,2023-05-25
500,sh600382,5.14,5.28,5.12,5.24,6239595.0,5.18,0.06,0.0116,2023-05-25
501,sh600383,7.25,7.34,7.2,7.32,48409995.0,7.3,0.02,0.0027,2023-05-25
502,sh600386,4.14,4.17,4.05,4.1,26897393.0,4.17,-0.07,-0.0168,2023-05-25
503,sh600387,5.52,5.57,5.4,5.46,4963000.0,5.57,-0.11,-0.0197,2023-05-25
504,sh600388,16.8,16.93,16.06,16.29,6144491.0,16.9,-0.61,-0.0361,2023-05-25
505,sh600389,32.75,32.94,31.95,32.16,2537438.0,32.75,-0.59,-0.018,2023-05-25
506,sh600390,5.49,5.58,5.44,5.55,49021289.0,5.51,0.04,0.0073,2023-05-25
507,sh600391,21.1,22.47,21.03,22.0,11353660.0,21.15,0.85,0.0402,2023-05-25
508,sh600392,13.01,13.02,12.74,12.81,11500967.0,12.93,-0.12,-0.0093,2023-05-25
509,sh600393,0.61,0.61,0.61,0.61,1919100.0,0.64,-0.03,-0.0469,2023-05-25
510,sh600395,6.65,6.65,6.44,6.54,18815819.0,6.64,-0.1,-0.0151,2023-05-25
511,sh600396,2.3,2.38,2.3,2.37,20530204.0,2.31,0.06,0.026,2023-05-25
512,sh600397,2.91,2.93,2.87,2.91,7853605.0,2.92,-0.01,-0.0034,2023-05-25
513,sh600398,6.95,6.95,6.76,6.87,16099553.0,6.94,-0.07,-0.0101,2023-05-25
514,sh600399,10.81,10.92,10.6,10.77,15632251.0,10.89,-0.12,-0.011,2023-05-25
515,sh600400,3.31,3.38,3.3,3.36,10202692.0,3.33,0.03,0.009,2023-05-25
516,sh600403,4.41,4.41,4.27,4.31,12653200.0,4.43,-0.12,-0.0271,2023-05-25
517,sh600405,5.83,6.05,5.83,6.03,27410347.0,5.82,0.21,0.0361,2023-05-25
518,sh600406,26.81,27.25,26.6,26.9,11871075.0,26.98,-0.08,-0.003,2023-05-25
519,sh600408,2.36,2.36,2.31,2.34,5059753.0,2.36,-0.02,-0.0085,2023-05-25
520,sh600409,5.52,5.55,5.37,5.44,16502541.0,5.54,-0.1,-0.0181,2023-05-25
521,sh600410,6.21,6.32,6.06,6.21,29313394.0,6.18,0.03,0.0049,2023-05-25
522,sh600415,7.83,8.04,7.8,8.01,150273735.0,7.85,0.16,0.0204,2023-05-25
523,sh600416,16.78,17.13,16.67,17.02,12045159.0,16.71,0.31,0.0186,2023-05-25
524,sh600418,11.77,11.85,11.48,11.7,32464977.0,11.77,-0.07,-0.0059,2023-05-25
525,sh600419,18.96,19.09,18.42,18.66,3221960.0,18.98,-0.32,-0.0169,2023-05-25
526,sh600420,12.0,12.14,11.84,11.95,11082546.0,12.05,-0.1,-0.0083,2023-05-25
527,sh600421,10.28,11.3,10.28,10.9,8152794.0,10.27,0.63,0.0613,2023-05-25
528,sh600422,22.25,23.16,21.92,22.57,8033829.0,22.54,0.03,0.0013,2023-05-25
529,sh600423,3.15,3.16,3.11,3.15,3092600.0,3.16,-0.01,-0.0032,2023-05-25
530,sh600425,4.92,4.95,4.78,4.88,30428985.0,4.92,-0.04,-0.0081,2023-05-25
531,sh600426,29.51,29.88,29.26,29.67,10943657.0,29.7,-0.03,-0.001,2023-05-25
532,sh600428,6.58,6.62,6.4,6.47,29855502.0,6.59,-0.12,-0.0182,2023-05-25
533,sh600429,4.78,4.78,4.67,4.74,4027400.0,4.76,-0.02,-0.0042,2023-05-25
534,sh600433,3.54,3.56,3.5,3.54,9367868.0,3.54,0.0,0.0,2023-05-25
535,sh600435,10.59,10.84,10.57,10.72,15190599.0,10.63,0.09,0.0085,2023-05-25
536,sh600436,304.51,307.72,303.36,306.78,1280279.0,304.76,2.02,0.0066,2023-05-25
537,sh600438,38.5,39.18,38.32,39.07,48029573.0,38.69,0.38,0.0098,2023-05-25
538,sh600439,2.57,2.57,2.52,2.56,6219412.0,2.56,0.0,0.0,2023-05-25
539,sh600444,13.12,13.25,13.01,13.17,1313300.0,13.18,-0.01,-0.0008,2023-05-25
540,sh600446,15.35,15.35,15.35,15.35,7792800.0,17.05,-1.7,-0.0997,2023-05-25
541,sh600448,3.04,3.07,2.98,3.05,9100420.0,3.03,0.02,0.0066,2023-05-25
542,sh600449,14.39,14.51,14.14,14.42,5169231.0,14.43,-0.01,-0.0007,2023-05-25
543,sh600452,18.56,18.9,18.25,18.61,5185207.0,18.56,0.05,0.0027,2023-05-25
544,sh600455,22.25,22.32,21.52,21.79,1016500.0,22.25,-0.46,-0.0207,2023-05-25
545,sh600456,33.11,33.45,32.88,33.21,2530673.0,33.26,-0.05,-0.0015,2023-05-25
546,sh600458,11.28,11.52,11.22,11.4,7119305.0,11.31,0.09,0.008,2023-05-25
547,sh600459,15.2,15.39,15.03,15.19,5774466.0,15.38,-0.19,-0.0124,2023-05-25
548,sh600460,32.82,33.07,32.7,33.05,9648252.0,32.76,0.29,0.0089,2023-05-25
549,sh600461,7.95,7.99,7.85,7.95,5640000.0,7.96,-0.01,-0.0013,2023-05-25
550,sh600462,2.1,2.12,2.0,2.1,3605201.0,2.11,-0.01,-0.0047,2023-05-25
551,sh600463,8.4,8.44,8.02,8.13,2847600.0,8.42,-0.29,-0.0344,2023-05-25
552,sh600466,0.0,0.0,0.0,0.4,0.0,0.4,0.0,0.0,2023-05-25
553,sh600467,2.46,2.47,2.42,2.44,10366300.0,2.46,-0.02,-0.0081,2023-05-25
554,sh600468,4.84,4.96,4.8,4.89,43146836.0,4.83,0.06,0.0124,2023-05-25
555,sh600469,5.76,5.78,5.63,5.72,7418030.0,5.76,-0.04,-0.0069,2023-05-25
556,sh600470,5.32,5.33,5.24,5.27,4329600.0,5.31,-0.04,-0.0075,2023-05-25
557,sh600475,11.3,11.65,11.17,11.48,10473202.0,11.28,0.2,0.0177,2023-05-25
558,sh600476,15.81,16.03,15.48,15.77,2577600.0,15.89,-0.12,-0.0076,2023-05-25
559,sh600477,4.1,4.3,4.08,4.26,82694523.0,4.12,0.14,0.034,2023-05-25
560,sh600478,7.5,7.6,7.43,7.57,13068372.0,7.57,0.0,0.0,2023-05-25
561,sh600479,13.54,13.76,13.41,13.61,6197960.0,13.74,-0.13,-0.0095,2023-05-25
562,sh600480,7.61,7.63,7.55,7.63,5683160.0,7.63,0.0,0.0,2023-05-25
563,sh600481,13.7,13.99,13.6,13.79,22959460.0,13.76,0.03,0.0022,2023-05-25
564,sh600482,18.05,18.38,17.85,18.23,31722137.0,18.43,-0.2,-0.0109,2023-05-25
565,sh600483,12.25,12.48,12.15,12.37,7927900.0,12.29,0.08,0.0065,2023-05-25
566,sh600486,89.0,89.54,87.02,87.76,1105713.0,89.38,-1.62,-0.0181,2023-05-25
567,sh600487,14.49,14.73,14.39,14.58,29577864.0,14.47,0.11,0.0076,2023-05-25
568,sh600488,5.54,5.73,5.54,5.62,12525393.0,5.59,0.03,0.0054,2023-05-25
569,sh600489,10.22,10.29,10.14,10.26,46301528.0,10.39,-0.13,-0.0125,2023-05-25
570,sh600490,3.2,3.22,3.15,3.18,19625174.0,3.21,-0.03,-0.0093,2023-05-25
571,sh600491,4.57,4.68,4.54,4.61,16504623.0,4.6,0.01,0.0022,2023-05-25
572,sh600493,5.54,5.63,5.44,5.63,3580700.0,5.57,0.06,0.0108,2023-05-25
573,sh600495,3.89,3.91,3.81,3.86,12909500.0,3.88,-0.02,-0.0052,2023-05-25
574,sh600496,3.83,3.84,3.79,3.82,19036896.0,3.84,-0.02,-0.0052,2023-05-25
575,sh600497,5.25,5.29,5.16,5.23,40348947.0,5.26,-0.03,-0.0057,2023-05-25
576,sh600498,17.9,18.35,17.37,17.71,17649177.0,17.66,0.05,0.0028,2023-05-25
577,sh600499,12.05,12.09,11.87,11.98,13535840.0,12.08,-0.1,-0.0083,2023-05-25
578,sh600500,6.0,6.04,5.96,6.02,10262122.0,6.05,-0.03,-0.005,2023-05-25
579,sh600501,14.11,14.28,13.95,14.1,3746706.0,14.21,-0.11,-0.0077,2023-05-25
580,sh600502,5.45,5.55,5.44,5.53,29267335.0,5.47,0.06,0.011,2023-05-25
581,sh600503,3.07,3.21,3.07,3.14,119041994.0,3.08,0.06,0.0195,2023-05-25
582,sh600505,8.12,8.44,8.1,8.44,6938100.0,8.2,0.24,0.0293,2023-05-25
583,sh600506,10.47,10.57,10.3,10.37,1942217.0,10.52,-0.15,-0.0143,2023-05-25
584,sh600507,4.8,4.81,4.6,4.62,30879928.0,4.82,-0.2,-0.0415,2023-05-25
585,sh600508,14.74,14.8,14.5,14.66,5287174.0,14.75,-0.09,-0.0061,2023-05-25
586,sh600509,6.63,7.18,6.63,7.08,48100318.0,6.66,0.42,0.0631,2023-05-25
587,sh600510,5.95,6.03,5.95,6.0,5741162.0,5.95,0.05,0.0084,2023-05-25
588,sh600511,38.41,38.41,36.73,37.16,11108132.0,38.32,-1.16,-0.0303,2023-05-25
589,sh600512,2.67,2.71,2.66,2.7,22704052.0,2.67,0.03,0.0112,2023-05-25
590,sh600513,10.32,10.35,10.12,10.18,4027959.0,10.31,-0.13,-0.0126,2023-05-25
591,sh600515,4.27,4.29,4.18,4.22,33016806.0,4.28,-0.06,-0.014,2023-05-25
592,sh600516,6.27,6.3,6.21,6.3,14367828.0,6.26,0.04,0.0064,2023-05-25
593,sh600517,5.61,5.69,5.57,5.65,13813751.0,5.63,0.02,0.0036,2023-05-25
594,sh600518,2.35,2.35,2.29,2.32,89600410.0,2.34,-0.02,-0.0085,2023-05-25
595,sh600519,1705.99,1710.0,1690.0,1701.0,2246560.0,1710.9,-9.9,-0.0058,2023-05-25
596,sh600520,14.18,14.34,13.78,14.11,8631873.0,14.03,0.08,0.0057,2023-05-25
597,sh600521,18.49,18.62,18.32,18.56,6571021.0,18.54,0.02,0.0011,2023-05-25
598,sh600522,15.3,15.58,15.2,15.53,56450477.0,15.43,0.1,0.0065,2023-05-25
599,sh600523,13.63,13.72,13.41,13.58,2972555.0,13.62,-0.04,-0.0029,2023-05-25
600,sh600525,5.5,5.75,5.49,5.66,14594882.0,5.53,0.13,0.0235,2023-05-25
601,sh600526,5.0,5.08,5.0,5.06,4781920.0,5.02,0.04,0.008,2023-05-25
602,sh600527,2.03,2.04,2.01,2.03,8563740.0,2.04,-0.01,-0.0049,2023-05-25
603,sh600528,9.43,9.56,9.39,9.54,13129846.0,9.51,0.03,0.0032,2023-05-25
604,sh600529,25.64,25.78,25.04,25.47,8688685.0,25.63,-0.16,-0.0062,2023-05-25
605,sh600530,0.0,0.0,0.0,2.49,0.0,2.49,0.0,0.0,2023-05-25
606,sh600531,6.05,6.08,5.97,6.02,11491351.0,6.05,-0.03,-0.005,2023-05-25
607,sh600532,0.0,0.0,0.0,3.34,0.0,3.34,0.0,0.0,2023-05-25
608,sh600533,3.09,3.11,3.04,3.08,13560000.0,3.09,-0.01,-0.0032,2023-05-25
609,sh600535,14.82,14.86,14.45,14.65,8999617.0,14.92,-0.27,-0.0181,2023-05-25
610,sh600536,55.3,56.15,53.65,54.5,12194146.0,55.34,-0.84,-0.0152,2023-05-25
611,sh600537,7.22,7.76,7.16,7.62,145046604.0,7.3,0.32,0.0438,2023-05-25
612,sh600538,4.38,4.39,4.31,4.36,4053700.0,4.4,-0.04,-0.0091,2023-05-25
613,sh600539,6.68,6.72,6.51,6.59,3680700.0,6.73,-0.14,-0.0208,2023-05-25
614,sh600540,4.37,4.37,4.25,4.3,4306362.0,4.37,-0.07,-0.016,2023-05-25
615,sh600543,5.23,5.25,5.08,5.17,4441000.0,5.25,-0.08,-0.0152,2023-05-25
616,sh600545,2.45,2.45,2.39,2.43,14752371.0,2.45,-0.02,-0.0082,2023-05-25
617,sh600546,14.04,14.14,13.83,13.96,15698039.0,14.19,-0.23,-0.0162,2023-05-25
618,sh600547,24.16,24.36,23.85,24.09,15619232.0,24.51,-0.42,-0.0171,2023-05-25
619,sh600548,9.37,9.45,9.24,9.35,3038192.0,9.4,-0.05,-0.0053,2023-05-25
620,sh600549,18.97,19.02,18.62,18.82,8626791.0,18.97,-0.15,-0.0079,2023-05-25
621,sh600550,5.17,5.24,5.14,5.2,10316356.0,5.17,0.03,0.0058,2023-05-25
622,sh600551,11.24,11.35,10.85,11.08,5347456.0,11.29,-0.21,-0.0186,2023-05-25
623,sh600552,11.18,11.4,11.1,11.31,12680467.0,11.15,0.16,0.0143,2023-05-25
624,sh600556,7.02,7.08,6.77,6.88,30581539.0,7.05,-0.17,-0.0241,2023-05-25
625,sh600557,27.12,27.4,26.4,26.9,7562259.0,27.38,-0.48,-0.0175,2023-05-25
626,sh600558,3.72,3.76,3.68,3.75,8516350.0,3.71,0.04,0.0108,2023-05-25
627,sh600559,29.5,29.59,27.83,28.26,38916839.0,29.65,-1.39,-0.0469,2023-05-25
628,sh600560,12.54,12.85,12.5,12.77,4690900.0,12.57,0.2,0.0159,2023-05-25
629,sh600561,5.31,5.36,5.2,5.33,2759900.0,5.29,0.04,0.0076,2023-05-25
630,sh600562,15.99,16.29,15.82,16.04,7133725.0,15.99,0.05,0.0031,2023-05-25
631,sh600563,136.9,138.8,135.77,137.62,555970.0,136.91,0.71,0.0052,2023-05-25
632,sh600565,1.53,1.57,1.52,1.55,21711120.0,1.54,0.01,0.0065,2023-05-25
633,sh600566,30.81,30.96,30.16,30.46,4653004.0,30.81,-0.35,-0.0114,2023-05-25
634,sh600567,2.32,2.32,2.24,2.27,34026620.0,2.32,-0.05,-0.0216,2023-05-25
635,sh600568,1.74,1.74,1.69,1.71,8207300.0,1.74,-0.03,-0.0172,2023-05-25
636,sh600569,2.02,2.04,2.0,2.02,15067773.0,2.03,-0.01,-0.0049,2023-05-25
637,sh600570,41.96,42.29,40.97,41.58,16289952.0,42.06,-0.48,-0.0114,2023-05-25
638,sh600571,9.14,9.23,8.92,9.08,6089687.0,9.15,-0.07,-0.0077,2023-05-25
639,sh600572,6.36,6.45,6.3,6.42,30640475.0,6.36,0.06,0.0094,2023-05-25
640,sh600573,12.27,12.36,11.63,11.78,11220900.0,12.23,-0.45,-0.0368,2023-05-25
641,sh600575,2.56,2.58,2.52,2.57,33078700.0,2.55,0.02,0.0078,2023-05-25
642,sh600576,8.53,8.58,8.04,8.32,18648125.0,8.51,-0.19,-0.0223,2023-05-25
643,sh600577,4.32,4.4,4.32,4.38,22837103.0,4.33,0.05,0.0115,2023-05-25
644,sh600578,3.55,3.62,3.53,3.58,22043058.0,3.55,0.03,0.0085,2023-05-25
645,sh600579,6.74,6.86,6.71,6.77,2471900.0,6.81,-0.04,-0.0059,2023-05-25
646,sh600580,12.22,12.48,12.18,12.29,10454946.0,12.28,0.01,0.0008,2023-05-25
647,sh600581,4.09,4.13,4.03,4.11,25888984.0,4.09,0.02,0.0049,2023-05-25
648,sh600582,5.51,5.59,5.46,5.53,15509301.0,5.52,0.01,0.0018,2023-05-25
649,sh600583,5.82,5.91,5.79,5.88,17269200.0,5.86,0.02,0.0034,2023-05-25
650,sh600584,29.39,30.2,29.38,29.99,37014750.0,29.36,0.63,0.0215,2023-05-25
651,sh600585,25.89,25.93,25.44,25.6,16094880.0,25.94,-0.34,-0.0131,2023-05-25
652,sh600586,8.12,8.64,8.12,8.43,66213761.0,8.22,0.21,0.0255,2023-05-25
653,sh600587,34.25,34.33,32.83,33.47,9496787.0,34.14,-0.67,-0.0196,2023-05-25
654,sh600588,19.63,19.8,19.24,19.43,15661185.0,19.63,-0.2,-0.0102,2023-05-25
655,sh600589,2.25,2.25,2.25,2.25,630600.0,2.37,-0.12,-0.0506,2023-05-25
656,sh600590,6.66,6.77,6.64,6.73,6733870.0,6.66,0.07,0.0105,2023-05-25
657,sh600592,8.25,8.38,8.22,8.37,3588100.0,8.27,0.1,0.0121,2023-05-25
658,sh600593,13.95,14.14,13.65,13.82,1469120.0,14.1,-0.28,-0.0199,2023-05-25
659,sh600594,5.98,6.0,5.83,5.91,16497400.0,5.98,-0.07,-0.0117,2023-05-25
660,sh600595,2.8,2.81,2.76,2.79,7483200.0,2.8,-0.01,-0.0036,2023-05-25
661,sh600596,12.07,12.09,11.66,11.71,12610829.0,12.07,-0.36,-0.0298,2023-05-25
662,sh600597,11.1,11.19,10.99,11.11,8249596.0,11.12,-0.01,-0.0009,2023-05-25
663,sh600598,13.37,13.44,13.15,13.3,9845439.0,13.35,-0.05,-0.0037,2023-05-25
664,sh600599,10.81,10.81,10.47,10.57,1092601.0,10.77,-0.2,-0.0186,2023-05-25
665,sh600600,101.6,102.55,100.25,101.2,5696156.0,102.16,-0.96,-0.0094,2023-05-25
666,sh600601,2.7,2.75,2.69,2.75,11817405.0,2.7,0.05,0.0185,2023-05-25
667,sh600602,9.05,9.21,8.85,9.02,15491646.0,9.07,-0.05,-0.0055,2023-05-25
668,sh600603,6.81,7.2,6.81,7.01,15018088.0,6.88,0.13,0.0189,2023-05-25
669,sh600604,4.87,4.88,4.76,4.8,9479860.0,4.89,-0.09,-0.0184,2023-05-25
670,sh600605,15.96,16.35,15.4,15.81,12916601.0,16.49,-0.68,-0.0412,2023-05-25
671,sh600606,2.84,2.88,2.82,2.85,47986335.0,2.85,0.0,0.0,2023-05-25
672,sh600608,4.44,4.48,4.22,4.22,4291700.0,4.44,-0.22,-0.0495,2023-05-25
673,sh600609,4.65,4.71,4.57,4.63,9484720.0,4.64,-0.01,-0.0022,2023-05-25
674,sh600610,13.11,13.37,13.01,13.32,3711959.0,13.18,0.14,0.0106,2023-05-25
675,sh600611,3.18,3.21,3.14,3.17,13179225.0,3.2,-0.03,-0.0094,2023-05-25
676,sh600612,64.95,65.08,62.8,63.98,1600133.0,65.1,-1.12,-0.0172,2023-05-25
677,sh600613,7.47,7.5,7.23,7.31,8563502.0,7.44,-0.13,-0.0175,2023-05-25
678,sh600615,8.78,8.78,8.55,8.72,1052808.0,8.71,0.01,0.0011,2023-05-25
679,sh600616,7.15,7.15,6.9,7.01,6515090.0,7.12,-0.11,-0.0154,2023-05-25
680,sh600617,4.13,4.33,4.13,4.32,26626994.0,4.16,0.16,0.0385,2023-05-25
681,sh600618,9.13,9.14,8.88,8.96,3342431.0,9.13,-0.17,-0.0186,2023-05-25
682,sh600619,6.3,6.32,6.21,6.3,2481200.0,6.3,0.0,0.0,2023-05-25
683,sh600620,11.5,11.51,11.24,11.5,2130391.0,11.51,-0.01,-0.0009,2023-05-25
684,sh600621,10.71,10.81,10.66,10.77,6544251.0,10.73,0.04,0.0037,2023-05-25
685,sh600622,2.9,2.94,2.88,2.91,8356754.0,2.91,0.0,0.0,2023-05-25
686,sh600623,6.33,6.34,6.18,6.22,9842678.0,6.34,-0.12,-0.0189,2023-05-25
687,sh600624,5.81,5.84,5.71,5.77,3904590.0,5.82,-0.05,-0.0086,2023-05-25
688,sh600626,3.37,3.4,3.3,3.34,4396777.0,3.38,-0.04,-0.0118,2023-05-25
689,sh600628,7.35,7.36,7.15,7.27,4055826.0,7.35,-0.08,-0.0109,2023-05-25
690,sh600629,7.54,7.63,7.42,7.6,36448901.0,7.57,0.03,0.004,2023-05-25
691,sh600630,5.36,5.45,5.25,5.45,6666930.0,5.33,0.12,0.0225,2023-05-25
692,sh600633,11.81,12.03,11.44,11.84,29303807.0,11.86,-0.02,-0.0017,2023-05-25
693,sh600635,3.25,3.3,3.23,3.3,23135789.0,3.24,0.06,0.0185,2023-05-25
694,sh600636,12.8,13.07,12.57,13.03,31654243.0,12.92,0.11,0.0085,2023-05-25
695,sh600637,7.73,7.83,7.64,7.81,23560451.0,7.78,0.03,0.0039,2023-05-25
696,sh600638,5.12,5.16,5.06,5.13,2434200.0,5.14,-0.01,-0.0019,2023-05-25
697,sh600639,12.12,12.21,11.94,12.11,9148449.0,12.18,-0.07,-0.0057,2023-05-25
698,sh600640,11.6,11.77,11.05,11.29,12164362.0,11.66,-0.37,-0.0317,2023-05-25
699,sh600641,19.03,19.23,18.49,18.78,14273916.0,19.09,-0.31,-0.0162,2023-05-25
700,sh600642,6.86,6.97,6.79,6.9,24569665.0,6.85,0.05,0.0073,2023-05-25
701,sh600643,5.33,5.37,5.28,5.34,6026496.0,5.35,-0.01,-0.0019,2023-05-25
702,sh600644,7.25,7.53,7.22,7.43,11614302.0,7.29,0.14,0.0192,2023-05-25
703,sh600645,17.18,17.26,16.77,16.98,6888445.0,17.15,-0.17,-0.0099,2023-05-25
704,sh600647,12.4,12.66,12.35,12.66,1392500.0,12.63,0.03,0.0024,2023-05-25
705,sh600648,11.71,11.78,11.52,11.63,2068070.0,11.75,-0.12,-0.0102,2023-05-25
706,sh600649,3.89,3.92,3.83,3.86,14755268.0,3.9,-0.04,-0.0103,2023-05-25
707,sh600650,9.6,9.65,9.35,9.48,2529600.0,9.65,-0.17,-0.0176,2023-05-25
708,sh600651,4.06,4.11,3.98,4.06,22805100.0,4.07,-0.01,-0.0025,2023-05-25
709,sh600653,1.78,1.79,1.76,1.78,5863100.0,1.78,0.0,0.0,2023-05-25
710,sh600654,2.78,2.82,2.74,2.76,9768959.0,2.78,-0.02,-0.0072,2023-05-25
711,sh600655,7.13,7.19,7.06,7.13,6502105.0,7.17,-0.04,-0.0056,2023-05-25
712,sh600657,4.18,4.25,4.16,4.21,12202564.0,4.2,0.01,0.0024,2023-05-25
713,sh600658,5.31,5.33,5.16,5.26,13020004.0,5.33,-0.07,-0.0131,2023-05-25
714,sh600660,33.19,33.2,32.35,33.03,8244609.0,33.14,-0.11,-0.0033,2023-05-25
715,sh600661,9.22,9.36,9.0,9.1,6549400.0,9.27,-0.17,-0.0183,2023-05-25
716,sh600662,6.08,6.15,6.0,6.08,5918902.0,6.1,-0.02,-0.0033,2023-05-25
717,sh600663,9.95,9.98,9.79,9.88,4614243.0,9.93,-0.05,-0.005,2023-05-25
718,sh600664,3.59,3.6,3.51,3.55,52478659.0,3.63,-0.08,-0.022,2023-05-25
719,sh600665,3.52,3.57,3.5,3.55,10022100.0,3.54,0.01,0.0028,2023-05-25
720,sh600666,2.28,2.45,2.25,2.39,18558802.0,2.34,0.05,0.0214,2023-05-25
721,sh600667,6.58,6.73,6.51,6.59,65111958.0,6.67,-0.08,-0.012,2023-05-25
722,sh600668,11.99,11.99,11.82,11.88,2008758.0,11.91,-0.03,-0.0025,2023-05-25
723,sh600671,7.95,8.04,7.7,7.94,937800.0,8.0,-0.06,-0.0075,2023-05-25
724,sh600673,7.53,7.67,7.43,7.52,9986101.0,7.6,-0.08,-0.0105,2023-05-25
725,sh600674,14.83,15.05,14.8,15.0,12104221.0,14.85,0.15,0.0101,2023-05-25
726,sh600675,2.6,2.62,2.57,2.6,8772960.0,2.61,-0.01,-0.0038,2023-05-25
727,sh600676,4.08,4.09,3.95,4.04,10464160.0,4.08,-0.04,-0.0098,2023-05-25
728,sh600678,5.33,5.33,5.23,5.33,4059600.0,5.33,0.0,0.0,2023-05-25
729,sh600679,8.71,8.89,8.68,8.85,847100.0,8.83,0.02,0.0023,2023-05-25
730,sh600681,4.51,4.62,4.5,4.59,7113342.0,4.51,0.08,0.0177,2023-05-25
731,sh600682,8.0,8.06,7.88,8.0,8247800.0,8.03,-0.03,-0.0037,2023-05-25
732,sh600683,4.63,4.65,4.51,4.58,5529301.0,4.63,-0.05,-0.0108,2023-05-25
733,sh600684,3.33,3.39,3.32,3.35,4398802.0,3.34,0.01,0.003,2023-05-25
734,sh600685,29.34,30.39,28.71,29.81,31237091.0,30.19,-0.38,-0.0126,2023-05-25
735,sh600686,7.64,7.65,7.29,7.5,31555102.0,7.66,-0.16,-0.0209,2023-05-25
736,sh600688,3.12,3.14,3.07,3.11,23696880.0,3.13,-0.02,-0.0064,2023-05-25
737,sh600689,9.12,9.12,8.88,9.06,3100800.0,9.07,-0.01,-0.0011,2023-05-25
738,sh600690,22.21,22.39,22.15,22.28,16798566.0,22.29,-0.01,-0.0004,2023-05-25
739,sh600691,3.14,3.15,3.07,3.09,8345236.0,3.14,-0.05,-0.0159,2023-05-25
740,sh600692,5.54,5.54,5.42,5.5,3726922.0,5.54,-0.04,-0.0072,2023-05-25
741,sh600693,3.92,3.94,3.87,3.9,5115008.0,3.93,-0.03,-0.0076,2023-05-25
742,sh600694,19.32,19.47,19.0,19.16,1369800.0,19.32,-0.16,-0.0083,2023-05-25
743,sh600696,25.89,26.0,25.1,25.32,1018224.0,25.99,-0.67,-0.0258,2023-05-25
744,sh600697,12.54,12.62,12.38,12.53,1315300.0,12.59,-0.06,-0.0048,2023-05-25
745,sh600698,4.52,4.52,4.41,4.44,5015090.0,4.52,-0.08,-0.0177,2023-05-25
746,sh600699,15.34,15.73,15.28,15.48,23650706.0,15.34,0.14,0.0091,2023-05-25
747,sh600702,163.0,164.96,161.51,163.72,1910775.0,163.56,0.16,0.001,2023-05-25
748,sh600703,18.31,18.48,18.12,18.39,23346581.0,18.31,0.08,0.0044,2023-05-25
749,sh600704,5.09,5.11,4.98,5.06,46053077.0,5.08,-0.02,-0.0039,2023-05-25
750,sh600705,3.89,3.96,3.87,3.95,154943511.0,3.94,0.01,0.0025,2023-05-25
751,sh600706,15.7,15.88,15.04,15.4,20951080.0,15.88,-0.48,-0.0302,2023-05-25
752,sh600707,4.74,4.86,4.57,4.68,38704901.0,4.75,-0.07,-0.0147,2023-05-25
753,sh600708,2.15,2.15,2.1,2.12,13314450.0,2.14,-0.02,-0.0093,2023-05-25
754,sh600710,6.98,7.1,6.96,7.05,14821184.0,6.99,0.06,0.0086,2023-05-25
755,sh600711,5.1,5.11,4.75,4.82,87915380.0,5.12,-0.3,-0.0586,2023-05-25
756,sh600712,3.83,3.83,3.75,3.8,3668400.0,3.82,-0.02,-0.0052,2023-05-25
757,sh600713,5.43,5.47,5.36,5.44,10999764.0,5.45,-0.01,-0.0018,2023-05-25
758,sh600714,8.86,8.87,8.71,8.85,825300.0,8.89,-0.04,-0.0045,2023-05-25
759,sh600715,2.2,2.21,2.13,2.16,35928500.0,2.21,-0.05,-0.0226,2023-05-25
760,sh600716,3.75,3.75,3.66,3.71,5320900.0,3.75,-0.04,-0.0107,2023-05-25
761,sh600717,4.48,4.5,4.37,4.44,28706271.0,4.47,-0.03,-0.0067,2023-05-25
762,sh600718,10.03,10.12,9.88,10.09,16722543.0,10.02,0.07,0.007,2023-05-25
763,sh600719,6.18,6.37,6.0,6.37,38373304.0,5.79,0.58,0.1002,2023-05-25
764,sh600720,10.99,11.19,10.96,11.19,9481505.0,11.03,0.16,0.0145,2023-05-25
765,sh600721,6.52,6.53,6.4,6.5,2464699.0,6.51,-0.01,-0.0015,2023-05-25
766,sh600722,4.72,4.72,4.61,4.67,2782400.0,4.69,-0.02,-0.0043,2023-05-25
767,sh600724,3.72,3.72,3.65,3.71,4481900.0,3.72,-0.01,-0.0027,2023-05-25
768,sh600725,2.89,2.9,2.83,2.88,5182670.0,2.89,-0.01,-0.0035,2023-05-25
769,sh600726,2.8,2.9,2.8,2.84,22830859.0,2.79,0.05,0.0179,2023-05-25
770,sh600727,5.99,5.99,5.87,5.93,2885914.0,5.97,-0.04,-0.0067,2023-05-25
771,sh600728,6.54,6.7,6.36,6.5,37331729.0,6.55,-0.05,-0.0076,2023-05-25
772,sh600729,29.99,30.14,29.31,29.65,1632150.0,30.0,-0.35,-0.0117,2023-05-25
773,sh600730,6.29,6.37,6.15,6.27,23099381.0,6.35,-0.08,-0.0126,2023-05-25
774,sh600731,8.42,8.56,8.4,8.55,11335948.0,8.48,0.07,0.0083,2023-05-25
775,sh600732,35.55,38.4,35.46,37.07,74328460.0,36.01,1.06,0.0294,2023-05-25
776,sh600733,5.34,5.41,5.25,5.3,24567546.0,5.33,-0.03,-0.0056,2023-05-25
777,sh600734,3.99,4.04,3.96,4.02,4474733.0,3.99,0.03,0.0075,2023-05-25
778,sh600735,6.06,6.06,5.9,5.99,4764249.0,6.06,-0.07,-0.0116,2023-05-25
779,sh600736,4.73,4.76,4.68,4.73,7640900.0,4.73,0.0,0.0,2023-05-25
780,sh600737,8.44,8.44,7.98,8.08,73166201.0,8.58,-0.5,-0.0583,2023-05-25
781,sh600738,5.65,5.65,5.53,5.58,8052329.0,5.63,-0.05,-0.0089,2023-05-25
782,sh600739,13.2,13.26,13.04,13.13,5952308.0,13.24,-0.11,-0.0083,2023-05-25
783,sh600740,5.29,5.31,5.25,5.27,8488001.0,5.29,-0.02,-0.0038,2023-05-25
784,sh600741,17.61,17.7,17.41,17.6,10120930.0,17.61,-0.01,-0.0006,2023-05-25
785,sh600742,8.07,8.17,8.02,8.07,4976172.0,8.12,-0.05,-0.0062,2023-05-25
786,sh600743,1.56,1.59,1.55,1.57,18194052.0,1.57,0.0,0.0,2023-05-25
787,sh600744,4.07,4.19,4.05,4.16,22774029.0,4.08,0.08,0.0196,2023-05-25
788,sh600745,51.63,52.55,51.11,52.2,12562903.0,51.59,0.61,0.0118,2023-05-25
789,sh600746,7.1,7.1,6.88,6.92,2876100.0,7.07,-0.15,-0.0212,2023-05-25
790,sh600748,3.83,3.85,3.79,3.84,13151106.0,3.83,0.01,0.0026,2023-05-25
791,sh600749,11.93,12.0,11.65,11.86,4346600.0,11.95,-0.09,-0.0075,2023-05-25
792,sh600750,22.43,22.62,21.99,22.36,7060441.0,22.45,-0.09,-0.004,2023-05-25
793,sh600751,2.45,2.47,2.4,2.44,18717345.0,2.45,-0.01,-0.0041,2023-05-25
794,sh600753,11.02,11.09,10.57,10.76,5923000.0,11.15,-0.39,-0.035,2023-05-25
795,sh600754,47.0,47.0,46.05,46.44,4049217.0,47.07,-0.63,-0.0134,2023-05-25
796,sh600755,8.72,8.75,8.57,8.7,15756915.0,8.78,-0.08,-0.0091,2023-05-25
797,sh600756,15.3,15.64,15.11,15.37,5745400.0,15.4,-0.03,-0.0019,2023-05-25
798,sh600757,9.2,9.48,8.8,9.01,57157140.0,9.31,-0.3,-0.0322,2023-05-25
799,sh600758,4.3,4.33,4.2,4.28,12723700.0,4.29,-0.01,-0.0023,2023-05-25
800,sh600759,2.4,2.41,2.35,2.38,11182441.0,2.41,-0.03,-0.0124,2023-05-25
801,sh600760,57.83,59.69,57.66,58.91,11145346.0,58.0,0.91,0.0157,2023-05-25
802,sh600761,17.3,17.3,16.83,17.16,3728182.0,17.15,0.01,0.0006,2023-05-25
803,sh600763,116.8,117.09,115.28,115.28,1909346.0,116.7,-1.42,-0.0122,2023-05-25
804,sh600764,26.49,26.75,25.89,26.36,4449512.0,26.51,-0.15,-0.0057,2023-05-25
805,sh600765,26.35,27.05,26.18,26.69,10272474.0,26.31,0.38,0.0144,2023-05-25
806,sh600766,9.81,10.49,9.8,10.49,7311255.0,10.19,0.3,0.0294,2023-05-25
807,sh600767,0.0,0.0,0.0,4.16,0.0,4.16,0.0,0.0,2023-05-25
808,sh600768,10.9,10.9,10.66,10.87,2282200.0,10.86,0.01,0.0009,2023-05-25
809,sh600769,8.5,8.63,8.38,8.57,6113100.0,8.56,0.01,0.0012,2023-05-25
810,sh600770,5.4,5.48,5.31,5.38,8899468.0,5.41,-0.03,-0.0055,2023-05-25
811,sh600771,38.17,38.7,37.82,38.3,4882510.0,38.48,-0.18,-0.0047,2023-05-25
812,sh600773,13.22,13.31,13.0,13.12,6244362.0,13.34,-0.22,-0.0165,2023-05-25
813,sh600774,12.74,12.8,12.54,12.72,1740600.0,12.76,-0.04,-0.0031,2023-05-25
814,sh600775,9.71,9.83,9.5,9.6,8200753.0,9.71,-0.11,-0.0113,2023-05-25
815,sh600776,10.14,10.43,10.0,10.21,8020698.0,10.18,0.03,0.0029,2023-05-25
816,sh600777,2.54,2.57,2.5,2.55,74944317.0,2.55,0.0,0.0,2023-05-25
817,sh600778,6.88,6.88,6.6,6.7,1645396.0,6.78,-0.08,-0.0118,2023-05-25
818,sh600779,61.76,62.1,60.96,61.6,2593534.0,62.0,-0.4,-0.0065,2023-05-25
819,sh600780,9.03,9.2,8.86,8.97,15920655.0,9.04,-0.07,-0.0077,2023-05-25
820,sh600781,0.0,0.0,0.0,0.84,0.0,0.84,0.0,0.0,2023-05-25
821,sh600782,3.7,3.72,3.66,3.71,22843015.0,3.71,0.0,0.0,2023-05-25
822,sh600783,12.79,12.88,12.53,12.71,2564010.0,12.79,-0.08,-0.0063,2023-05-25
823,sh600784,6.56,6.64,6.54,6.64,3688880.0,6.57,0.07,0.0107,2023-05-25
824,sh600785,15.64,15.89,15.32,15.82,2700917.0,15.81,0.01,0.0006,2023-05-25
825,sh600787,5.55,5.63,5.46,5.54,20117497.0,5.57,-0.03,-0.0054,2023-05-25
826,sh600789,6.8,6.83,6.66,6.71,11239720.0,6.82,-0.11,-0.0161,2023-05-25
827,sh600790,4.43,4.44,4.32,4.37,9651828.0,4.42,-0.05,-0.0113,2023-05-25
828,sh600791,4.0,4.05,3.98,4.02,4644600.0,4.02,0.0,0.0,2023-05-25
829,sh600792,3.19,3.2,3.12,3.17,4242400.0,3.19,-0.02,-0.0063,2023-05-25
830,sh600793,12.03,12.03,11.8,11.97,626967.0,11.95,0.02,0.0017,2023-05-25
831,sh600794,3.58,3.6,3.55,3.58,9367705.0,3.58,0.0,0.0,2023-05-25
832,sh600795,3.89,3.96,3.87,3.92,103151173.0,3.91,0.01,0.0026,2023-05-25
833,sh600796,5.37,5.42,5.3,5.39,2541906.0,5.37,0.02,0.0037,2023-05-25
834,sh600797,6.37,6.49,6.26,6.39,25278801.0,6.37,0.02,0.0031,2023-05-25
835,sh600798,3.55,3.56,3.52,3.55,5590050.0,3.56,-0.01,-0.0028,2023-05-25
836,sh600800,3.6,3.61,3.52,3.56,7382485.0,3.59,-0.03,-0.0084,2023-05-25
837,sh600801,13.41,13.48,13.19,13.33,6404483.0,13.42,-0.09,-0.0067,2023-05-25
838,sh600802,5.14,5.21,5.1,5.16,2218720.0,5.17,-0.01,-0.0019,2023-05-25
839,sh600803,20.44,20.76,20.25,20.55,5889827.0,20.54,0.01,0.0005,2023-05-25
840,sh600804,4.51,4.64,4.42,4.59,36218169.0,4.57,0.02,0.0044,2023-05-25
841,sh600805,4.18,4.19,4.13,4.18,3034764.0,4.19,-0.01,-0.0024,2023-05-25
842,sh600807,3.07,3.08,3.02,3.05,3494200.0,3.07,-0.02,-0.0065,2023-05-25
843,sh600808,2.61,2.65,2.6,2.64,27310954.0,2.62,0.02,0.0076,2023-05-25
844,sh600809,214.87,219.13,211.36,215.65,6143984.0,215.4,0.25,0.0012,2023-05-25
845,sh600810,7.14,7.21,7.03,7.1,3475227.0,7.1,0.0,0.0,2023-05-25
846,sh600811,2.35,2.36,2.31,2.34,30231181.0,2.36,-0.02,-0.0085,2023-05-25
847,sh600812,6.24,6.26,6.07,6.15,11389954.0,6.25,-0.1,-0.016,2023-05-25
848,sh600814,8.91,9.69,8.68,8.82,30204990.0,8.93,-0.11,-0.0123,2023-05-25
849,sh600815,2.66,2.7,2.62,2.69,8299900.0,2.65,0.04,0.0151,2023-05-25
850,sh600816,3.95,3.99,3.92,3.99,14399354.0,3.91,0.08,0.0205,2023-05-25
851,sh600817,11.57,11.84,11.36,11.5,5361300.0,11.67,-0.17,-0.0146,2023-05-25
852,sh600818,23.77,23.96,23.18,23.45,1866841.0,23.6,-0.15,-0.0064,2023-05-25
853,sh600819,5.21,5.7,5.16,5.7,38388151.0,5.18,0.52,0.1004,2023-05-25
854,sh600820,5.8,5.83,5.72,5.77,24721476.0,5.82,-0.05,-0.0086,2023-05-25
855,sh600821,6.48,6.83,6.46,6.8,44799309.0,6.46,0.34,0.0526,2023-05-25
856,sh600822,8.6,8.67,8.46,8.57,3263000.0,8.58,-0.01,-0.0012,2023-05-25
857,sh600823,1.14,1.16,1.13,1.13,37077900.0,1.19,-0.06,-0.0504,2023-05-25
858,sh600824,3.55,3.56,3.48,3.53,4628841.0,3.54,-0.01,-0.0028,2023-05-25
859,sh600825,4.68,4.72,4.49,4.56,43442016.0,4.71,-0.15,-0.0318,2023-05-25
860,sh600826,10.2,10.4,10.04,10.15,3202694.0,10.29,-0.14,-0.0136,2023-05-25
861,sh600827,13.15,13.25,12.94,13.11,9659818.0,13.19,-0.08,-0.0061,2023-05-25
862,sh600828,3.62,3.63,3.53,3.58,5437191.0,3.61,-0.03,-0.0083,2023-05-25
863,sh600829,7.12,7.13,6.95,7.01,6496901.0,7.15,-0.14,-0.0196,2023-05-25
864,sh600830,6.18,6.19,6.01,6.1,6402800.0,6.17,-0.07,-0.0113,2023-05-25
865,sh600831,5.68,5.71,5.49,5.58,14148634.0,5.68,-0.1,-0.0176,2023-05-25
866,sh600833,12.83,12.88,12.32,12.49,5148300.0,12.88,-0.39,-0.0303,2023-05-25
867,sh600834,8.36,8.41,8.25,8.36,2104600.0,8.37,-0.01,-0.0012,2023-05-25
868,sh600835,13.88,14.73,13.88,14.49,11604636.0,13.92,0.57,0.0409,2023-05-25
869,sh600836,4.93,5.42,4.93,5.42,32754147.0,4.93,0.49,0.0994,2023-05-25
870,sh600837,9.21,9.3,9.16,9.27,39787757.0,9.25,0.02,0.0022,2023-05-25
871,sh600838,6.48,6.48,6.15,6.25,8187620.0,6.47,-0.22,-0.034,2023-05-25
872,sh600839,4.01,4.28,4.01,4.08,228955023.0,3.98,0.1,0.0251,2023-05-25
873,sh600841,6.18,6.27,6.17,6.24,2810197.0,6.21,0.03,0.0048,2023-05-25
874,sh600843,5.4,5.42,5.33,5.41,2612990.0,5.4,0.01,0.0019,2023-05-25
875,sh600844,2.81,2.83,2.75,2.79,5348600.0,2.81,-0.02,-0.0071,2023-05-25
876,sh600845,52.66,53.5,51.91,53.24,3711250.0,52.7,0.54,0.0102,2023-05-25
877,sh600846,10.72,11.04,10.66,10.85,10666315.0,10.76,0.09,0.0084,2023-05-25
878,sh600847,12.8,12.81,12.3,12.46,2502511.0,12.65,-0.19,-0.015,2023-05-25
879,sh600848,12.66,12.78,12.41,12.59,2810701.0,12.7,-0.11,-0.0087,2023-05-25
880,sh600850,23.51,23.82,23.18,23.45,4525711.0,23.52,-0.07,-0.003,2023-05-25
881,sh600851,5.9,5.94,5.79,5.84,4064114.0,5.91,-0.07,-0.0118,2023-05-25
882,sh600853,4.82,4.82,4.64,4.74,33951856.0,4.79,-0.05,-0.0104,2023-05-25
883,sh600854,5.03,5.06,4.92,5.0,13388900.0,5.04,-0.04,-0.0079,2023-05-25
884,sh600855,12.06,12.17,11.89,12.1,3396300.0,12.06,0.04,0.0033,2023-05-25
885,sh600857,10.02,10.1,9.9,10.04,1592500.0,10.03,0.01,0.001,2023-05-25
886,sh600858,5.95,5.98,5.8,5.87,8397970.0,5.95,-0.08,-0.0134,2023-05-25
887,sh600859,20.9,20.97,20.52,20.69,8551627.0,21.03,-0.34,-0.0162,2023-05-25
888,sh600860,11.49,11.6,11.43,11.58,4373557.0,11.53,0.05,0.0043,2023-05-25
889,sh600861,23.68,23.79,22.9,23.39,2677100.0,23.5,-0.11,-0.0047,2023-05-25
890,sh600862,23.98,24.34,23.75,24.2,9722357.0,23.88,0.32,0.0134,2023-05-25
891,sh600863,4.07,4.17,4.05,4.13,62693129.0,4.08,0.05,0.0123,2023-05-25
892,sh600864,5.25,5.4,5.23,5.32,24829407.0,5.28,0.04,0.0076,2023-05-25
893,sh600865,9.22,9.34,8.98,9.09,2600308.0,9.19,-0.1,-0.0109,2023-05-25
894,sh600866,5.41,5.41,5.28,5.3,6513539.0,5.39,-0.09,-0.0167,2023-05-25
895,sh600867,11.85,11.87,11.58,11.71,12623641.0,11.93,-0.22,-0.0184,2023-05-25
896,sh600868,2.8,2.84,2.79,2.83,16820061.0,2.81,0.02,0.0071,2023-05-25
897,sh600869,5.42,5.52,5.35,5.47,12352117.0,5.42,0.05,0.0092,2023-05-25
898,sh600871,2.06,2.08,2.04,2.06,42738985.0,2.06,0.0,0.0,2023-05-25
899,sh600872,36.53,36.78,36.22,36.69,4074844.0,36.51,0.18,0.0049,2023-05-25
900,sh600873,9.21,9.21,9.07,9.11,9061185.0,9.2,-0.09,-0.0098,2023-05-25
901,sh600874,5.98,6.02,5.92,5.99,6458746.0,5.99,0.0,0.0,2023-05-25
902,sh600875,18.32,18.56,18.21,18.42,9064146.0,18.31,0.11,0.006,2023-05-25
903,sh600876,16.58,16.63,16.26,16.44,4197835.0,16.67,-0.23,-0.0138,2023-05-25
904,sh600877,14.1,14.24,13.91,14.1,4860738.0,14.13,-0.03,-0.0021,2023-05-25
905,sh600879,8.05,8.12,7.88,8.05,59213922.0,8.05,0.0,0.0,2023-05-25
906,sh600880,5.83,5.93,5.53,5.65,38194187.0,5.89,-0.24,-0.0407,2023-05-25
907,sh600881,2.19,2.19,2.15,2.17,11075677.0,2.19,-0.02,-0.0091,2023-05-25
908,sh600882,24.02,24.02,23.58,23.74,3177311.0,24.12,-0.38,-0.0158,2023-05-25
909,sh600883,7.5,7.55,7.32,7.48,1843500.0,7.54,-0.06,-0.008,2023-05-25
910,sh600884,15.42,15.59,15.24,15.4,8785909.0,15.45,-0.05,-0.0032,2023-05-25
911,sh600885,31.51,31.65,31.06,31.34,3743548.0,31.54,-0.2,-0.0063,2023-05-25
912,sh600886,12.51,12.75,12.46,12.65,16041037.0,12.54,0.11,0.0088,2023-05-25
913,sh600887,29.8,29.98,29.5,29.73,35725904.0,30.0,-0.27,-0.009,2023-05-25
914,sh600888,7.95,8.01,7.83,7.89,12512964.0,7.99,-0.1,-0.0125,2023-05-25
915,sh600889,4.68,4.71,4.61,4.7,1970100.0,4.67,0.03,0.0064,2023-05-25
916,sh600892,5.39,5.46,5.23,5.35,10054500.0,5.4,-0.05,-0.0093,2023-05-25
917,sh600893,40.2,41.15,39.81,40.89,13083294.0,40.2,0.69,0.0172,2023-05-25
918,sh600894,7.32,7.38,7.27,7.38,3511300.0,7.3,0.08,0.011,2023-05-25
919,sh600895,14.12,14.34,13.89,14.07,13284525.0,14.23,-0.16,-0.0112,2023-05-25
920,sh600897,19.38,19.38,18.81,19.11,1822359.0,19.28,-0.17,-0.0088,2023-05-25
921,sh600898,3.55,3.58,3.38,3.4,5273500.0,3.56,-0.16,-0.0449,2023-05-25
922,sh600900,22.62,22.8,22.52,22.7,36926960.0,22.63,0.07,0.0031,2023-05-25
923,sh600901,6.23,6.3,6.19,6.28,17640472.0,6.22,0.06,0.0096,2023-05-25
924,sh600903,8.19,9.02,8.17,9.02,31146362.0,8.2,0.82,0.1,2023-05-25
925,sh600905,5.4,5.44,5.39,5.42,86637921.0,5.4,0.02,0.0037,2023-05-25
926,sh600906,7.44,7.52,7.42,7.51,11321708.0,7.46,0.05,0.0067,2023-05-25
927,sh600908,5.5,5.53,5.42,5.47,11501121.0,5.51,-0.04,-0.0073,2023-05-25
928,sh600909,4.83,4.88,4.81,4.87,23109753.0,4.85,0.02,0.0041,2023-05-25
929,sh600916,12.01,12.11,11.92,12.07,11557222.0,12.13,-0.06,-0.0049,2023-05-25
930,sh600917,7.49,7.77,7.47,7.65,6820113.0,7.51,0.14,0.0186,2023-05-25
931,sh600918,7.01,7.05,6.97,7.02,26612368.0,7.03,-0.01,-0.0014,2023-05-25
932,sh600919,7.47,7.56,7.44,7.48,91995046.0,7.47,0.01,0.0013,2023-05-25
933,sh600925,6.17,6.21,6.16,6.19,15162645.0,6.18,0.01,0.0016,2023-05-25
934,sh600926,12.2,12.25,11.98,12.12,30460951.0,12.22,-0.1,-0.0082,2023-05-25
935,sh600927,16.95,17.15,16.84,17.0,4593357.0,16.98,0.02,0.0012,2023-05-25
936,sh600928,3.78,3.83,3.75,3.81,38944726.0,3.8,0.01,0.0026,2023-05-25
937,sh600929,7.74,7.77,7.58,7.66,6245222.0,7.77,-0.11,-0.0142,2023-05-25
938,sh600933,20.82,21.04,20.45,20.65,4216623.0,20.88,-0.23,-0.011,2023-05-25
939,sh600935,3.85,3.86,3.78,3.82,8331100.0,3.86,-0.04,-0.0104,2023-05-25
940,sh600936,3.92,3.95,3.86,3.93,9437789.0,3.94,-0.01,-0.0025,2023-05-25
941,sh600938,18.38,18.45,17.68,18.1,44660626.0,18.4,-0.3,-0.0163,2023-05-25
942,sh600939,3.47,3.49,3.45,3.49,9583700.0,3.48,0.01,0.0029,2023-05-25
943,sh600941,90.39,91.6,88.94,91.5,13517365.0,90.29,1.21,0.0134,2023-05-25
944,sh600955,19.35,19.36,19.0,19.11,1306409.0,19.36,-0.25,-0.0129,2023-05-25
945,sh600956,9.37,9.55,9.29,9.48,5437658.0,9.32,0.16,0.0172,2023-05-25
946,sh600958,9.86,9.92,9.76,9.89,60027881.0,9.85,0.04,0.0041,2023-05-25
947,sh600959,3.4,3.45,3.34,3.38,48262840.0,3.41,-0.03,-0.0088,2023-05-25
948,sh600960,3.42,3.42,3.34,3.4,7690502.0,3.42,-0.02,-0.0058,2023-05-25
949,sh600961,8.05,8.05,7.8,7.9,5825000.0,8.02,-0.12,-0.015,2023-05-25
950,sh600962,11.9,12.04,11.72,11.83,1616100.0,11.97,-0.14,-0.0117,2023-05-25
951,sh600963,6.19,6.28,6.05,6.13,13768102.0,6.22,-0.09,-0.0145,2023-05-25
952,sh600965,6.95,6.96,6.74,6.84,3410062.0,6.91,-0.07,-0.0101,2023-05-25
953,sh600966,6.13,6.17,6.03,6.1,4386600.0,6.15,-0.05,-0.0081,2023-05-25
954,sh600967,9.33,9.43,9.25,9.37,9426539.0,9.35,0.02,0.0021,2023-05-25
955,sh600968,3.22,3.23,3.17,3.2,30084836.0,3.23,-0.03,-0.0093,2023-05-25
956,sh600969,7.44,7.56,7.4,7.53,5411800.0,7.45,0.08,0.0107,2023-05-25
957,sh600970,12.15,12.25,11.79,12.08,25483253.0,12.18,-0.1,-0.0082,2023-05-25
958,sh600971,9.4,9.44,9.25,9.38,15686886.0,9.41,-0.03,-0.0032,2023-05-25
959,sh600973,5.0,5.09,5.0,5.05,9028988.0,5.03,0.02,0.004,2023-05-25
960,sh600975,10.28,10.32,9.89,10.06,16662977.0,10.35,-0.29,-0.028,2023-05-25
961,sh600976,68.5,68.84,66.31,67.17,1620864.0,68.59,-1.42,-0.0207,2023-05-25
962,sh600977,14.01,14.24,13.65,13.87,27769800.0,14.23,-0.36,-0.0253,2023-05-25
963,sh600979,3.35,3.47,3.33,3.47,44282260.0,3.36,0.11,0.0327,2023-05-25
964,sh600980,15.22,15.3,15.0,15.15,1473119.0,15.24,-0.09,-0.0059,2023-05-25
965,sh600981,2.92,2.96,2.88,2.93,21535264.0,2.96,-0.03,-0.0101,2023-05-25
966,sh600982,4.27,4.7,4.26,4.7,39603707.0,4.27,0.43,0.1007,2023-05-25
967,sh600983,7.52,7.57,7.38,7.48,1469400.0,7.47,0.01,0.0013,2023-05-25
968,sh600984,4.69,4.71,4.59,4.63,12599770.0,4.68,-0.05,-0.0107,2023-05-25
969,sh600985,13.58,13.63,13.16,13.33,17005489.0,13.6,-0.27,-0.0199,2023-05-25
970,sh600986,6.24,6.37,5.93,6.12,56037526.0,6.3,-0.18,-0.0286,2023-05-25
971,sh600987,7.61,7.64,7.45,7.63,4808762.0,7.61,0.02,0.0026,2023-05-25
972,sh600988,16.2,16.23,15.81,15.88,20173109.0,16.34,-0.46,-0.0282,2023-05-25
973,sh600989,12.85,12.85,12.45,12.58,26151623.0,12.85,-0.27,-0.021,2023-05-25
974,sh600990,30.49,31.1,30.23,30.73,1168040.0,30.49,0.24,0.0079,2023-05-25
975,sh600992,17.18,17.29,16.9,17.09,3824300.0,17.2,-0.11,-0.0064,2023-05-25
976,sh600993,28.2,28.28,27.25,27.61,7244357.0,28.36,-0.75,-0.0264,2023-05-25
977,sh600995,12.62,12.84,12.62,12.78,4347600.0,12.71,0.07,0.0055,2023-05-25
978,sh600996,10.36,10.43,9.88,10.01,21123266.0,10.09,-0.08,-0.0079,2023-05-25
979,sh600997,6.13,6.14,5.98,6.02,10180062.0,6.13,-0.11,-0.0179,2023-05-25
980,sh600998,15.65,15.73,15.11,15.27,7989900.0,15.68,-0.41,-0.0261,2023-05-25
981,sh600999,13.73,13.89,13.68,13.85,14565014.0,13.8,0.05,0.0036,2023-05-25
982,sh601000,3.43,3.46,3.39,3.44,32657133.0,3.44,0.0,0.0,2023-05-25
983,sh601001,9.9,9.96,9.62,9.74,17146155.0,9.96,-0.22,-0.0221,2023-05-25
984,sh601002,4.78,4.81,4.73,4.81,4407701.0,4.79,0.02,0.0042,2023-05-25
985,sh601003,4.0,4.04,3.89,3.96,24415035.0,3.98,-0.02,-0.005,2023-05-25
986,sh601005,1.42,1.42,1.39,1.4,57049099.0,1.42,-0.02,-0.0141,2023-05-25
987,sh601006,7.42,7.46,7.33,7.44,31540933.0,7.37,0.07,0.0095,2023-05-25
988,sh601007,8.69,8.74,8.48,8.69,5416260.0,8.72,-0.03,-0.0034,2023-05-25
989,sh601008,4.25,4.31,4.23,4.31,13557456.0,4.26,0.05,0.0117,2023-05-25
990,sh601009,8.88,8.88,8.6,8.65,36910364.0,8.89,-0.24,-0.027,2023-05-25
991,sh601010,2.56,2.57,2.46,2.48,23488400.0,2.57,-0.09,-0.035,2023-05-25
992,sh601011,3.58,3.59,3.51,3.55,14693812.0,3.58,-0.03,-0.0084,2023-05-25
993,sh601012,32.71,33.14,32.15,32.44,139412088.0,33.11,-0.67,-0.0202,2023-05-25
994,sh601015,4.29,4.3,4.17,4.22,10810517.0,4.31,-0.09,-0.0209,2023-05-25
995,sh601016,3.83,3.9,3.82,3.86,44810239.0,3.83,0.03,0.0078,2023-05-25
996,sh601018,3.53,3.58,3.53,3.55,15979239.0,3.55,0.0,0.0,2023-05-25
997,sh601019,9.62,9.82,9.32,9.5,16457317.0,9.71,-0.21,-0.0216,2023-05-25
998,sh601020,12.78,12.84,12.56,12.79,6169363.0,12.85,-0.06,-0.0047,2023-05-25
999,sh601021,55.4,55.51,54.65,55.06,3078306.0,54.89,0.17,0.0031,2023-05-25
1000,sh601022,10.53,10.7,10.47,10.62,2868612.0,10.59,0.03,0.0028,2023-05-25
1001,sh601028,11.21,11.27,11.11,11.15,7752240.0,11.27,-0.12,-0.0106,2023-05-25
1002,sh601038,11.43,11.57,11.36,11.52,2924599.0,11.48,0.04,0.0035,2023-05-25
1003,sh601058,9.6,9.71,9.48,9.67,14752799.0,9.66,0.01,0.001,2023-05-25
1004,sh601059,14.5,15.0,14.44,14.95,35391423.0,14.51,0.44,0.0303,2023-05-25
1005,sh601061,9.36,9.48,9.05,9.3,57058670.0,9.39,-0.09,-0.0096,2023-05-25
1006,sh601065,11.66,11.74,11.46,11.64,9660383.0,11.66,-0.02,-0.0017,2023-05-25
1007,sh601066,25.51,25.73,25.3,25.65,12948361.0,25.64,0.01,0.0004,2023-05-25
1008,sh601068,5.4,5.42,5.26,5.35,15735607.0,5.4,-0.05,-0.0093,2023-05-25
1009,sh601069,13.06,13.06,12.5,12.72,9886972.0,13.2,-0.48,-0.0364,2023-05-25
1010,sh601077,3.95,3.95,3.89,3.93,50551750.0,3.94,-0.01,-0.0025,2023-05-25
1011,sh601086,4.68,4.75,4.62,4.68,5984100.0,4.65,0.03,0.0065,2023-05-25
1012,sh601088,30.12,30.27,29.8,30.05,30667899.0,30.19,-0.14,-0.0046,2023-05-25
1013,sh601089,19.06,19.08,18.56,18.77,2781481.0,19.05,-0.28,-0.0147,2023-05-25
1014,sh601098,12.35,12.6,11.95,12.27,13065316.0,12.42,-0.15,-0.0121,2023-05-25
1015,sh601099,2.59,2.61,2.57,2.6,52061535.0,2.6,0.0,0.0,2023-05-25
1016,sh601100,57.01,58.65,56.75,57.8,5346256.0,57.21,0.59,0.0103,2023-05-25
1017,sh601101,6.21,6.24,6.12,6.19,7248170.0,6.24,-0.05,-0.008,2023-05-25
1018,sh601106,3.27,3.35,3.25,3.35,58846824.0,3.29,0.06,0.0182,2023-05-25
1019,sh601107,4.08,4.15,4.08,4.13,8060400.0,4.14,-0.01,-0.0024,2023-05-25
1020,sh601108,7.46,7.51,7.41,7.49,29048982.0,7.46,0.03,0.004,2023-05-25
1021,sh601111,8.89,8.92,8.81,8.88,38603917.0,8.91,-0.03,-0.0034,2023-05-25
1022,sh601113,3.57,3.58,3.46,3.52,7205349.0,3.55,-0.03,-0.0085,2023-05-25
1023,sh601116,11.18,11.21,10.78,11.13,11119202.0,11.26,-0.13,-0.0115,2023-05-25
1024,sh601117,8.51,8.56,8.33,8.44,49188968.0,8.52,-0.08,-0.0094,2023-05-25
1025,sh601118,4.57,4.6,4.46,4.51,27455311.0,4.59,-0.08,-0.0174,2023-05-25
1026,sh601121,7.98,8.05,7.9,8.05,8524995.0,7.97,0.08,0.01,2023-05-25
1027,sh601126,14.14,14.67,14.12,14.46,15415045.0,14.19,0.27,0.019,2023-05-25
1028,sh601127,25.9,26.61,25.67,25.92,17498471.0,26.01,-0.09,-0.0035,2023-05-25
1029,sh601128,7.27,7.28,7.12,7.18,28367524.0,7.29,-0.11,-0.0151,2023-05-25
1030,sh601133,15.61,15.8,15.46,15.74,9657979.0,15.63,0.11,0.007,2023-05-25
1031,sh601136,13.01,13.96,12.92,13.77,45311989.0,13.03,0.74,0.0568,2023-05-25
1032,sh601137,14.08,14.68,14.07,14.43,14618302.0,14.23,0.2,0.0141,2023-05-25
1033,sh601138,16.0,16.3,15.66,16.3,306675878.0,14.82,1.48,0.0999,2023-05-25
1034,sh601139,7.08,7.29,7.08,7.24,9558118.0,7.11,0.13,0.0183,2023-05-25
1035,sh601155,13.74,13.97,13.63,13.92,16085613.0,13.82,0.1,0.0072,2023-05-25
1036,sh601156,14.03,14.03,13.76,13.83,7373811.0,14.03,-0.2,-0.0143,2023-05-25
1037,sh601158,5.56,5.61,5.5,5.55,6815359.0,5.6,-0.05,-0.0089,2023-05-25
1038,sh601162,2.99,3.01,2.97,3.0,100239775.0,3.0,0.0,0.0,2023-05-25
1039,sh601163,14.5,14.6,14.37,14.6,3159071.0,14.5,0.1,0.0069,2023-05-25
1040,sh601166,16.72,16.73,16.6,16.67,53886898.0,16.72,-0.05,-0.003,2023-05-25
1041,sh601168,10.61,10.62,10.3,10.41,33048153.0,10.66,-0.25,-0.0235,2023-05-25
1042,sh601169,4.66,4.71,4.64,4.69,61060000.0,4.67,0.02,0.0043,2023-05-25
1043,sh601177,11.08,11.13,10.8,10.91,6054238.0,11.14,-0.23,-0.0206,2023-05-25
1044,sh601179,5.37,5.43,5.28,5.39,45446479.0,5.39,0.0,0.0,2023-05-25
1045,sh601186,9.76,9.86,9.68,9.85,123105355.0,9.82,0.03,0.0031,2023-05-25
1046,sh601187,5.56,5.59,5.51,5.55,7245500.0,5.57,-0.02,-0.0036,2023-05-25
1047,sh601188,3.27,3.29,3.18,3.23,9636901.0,3.29,-0.06,-0.0182,2023-05-25
1048,sh601198,8.13,8.2,8.07,8.16,15751540.0,8.16,0.0,0.0,2023-05-25
1049,sh601199,6.95,7.24,6.94,7.08,18125243.0,6.95,0.13,0.0187,2023-05-25
1050,sh601200,9.45,9.51,9.28,9.37,8382376.0,9.48,-0.11,-0.0116,2023-05-25
1051,sh601208,12.02,12.32,11.9,12.2,8294422.0,12.06,0.14,0.0116,2023-05-25
1052,sh601211,14.51,14.6,14.46,14.6,17906746.0,14.53,0.07,0.0048,2023-05-25
1053,sh601212,2.79,2.81,2.72,2.76,22834900.0,2.79,-0.03,-0.0108,2023-05-25
1054,sh601216,4.3,4.31,4.23,4.26,21124219.0,4.31,-0.05,-0.0116,2023-05-25
1055,sh601218,3.91,3.98,3.91,3.97,5524565.0,3.92,0.05,0.0128,2023-05-25
1056,sh601222,7.94,8.19,7.93,8.11,23510320.0,7.96,0.15,0.0188,2023-05-25
1057,sh601225,19.19,19.21,18.59,18.76,65845217.0,19.29,-0.53,-0.0275,2023-05-25
1058,sh601226,6.96,7.18,6.95,7.13,8597185.0,6.97,0.16,0.023,2023-05-25
1059,sh601228,3.26,3.27,3.21,3.25,31941700.0,3.25,0.0,0.0,2023-05-25
1060,sh601229,6.11,6.14,6.1,6.12,24236918.0,6.13,-0.01,-0.0016,2023-05-25
1061,sh601231,14.06,14.29,13.69,13.93,7646885.0,13.94,-0.01,-0.0007,2023-05-25
1062,sh601233,12.2,12.28,11.99,12.13,16114612.0,12.23,-0.1,-0.0082,2023-05-25
1063,sh601236,7.95,8.03,7.91,8.02,14557912.0,7.96,0.06,0.0075,2023-05-25
1064,sh601238,10.25,10.29,10.14,10.21,18317448.0,10.29,-0.08,-0.0078,2023-05-25
1065,sh601258,0.0,0.0,0.0,0.4,0.0,0.4,0.0,0.0,2023-05-25
1066,sh601279,4.9,4.92,4.79,4.86,2206100.0,4.87,-0.01,-0.0021,2023-05-25
1067,sh601288,3.39,3.45,3.37,3.44,434507964.0,3.41,0.03,0.0088,2023-05-25
1068,sh601298,6.9,6.98,6.84,6.91,12869071.0,6.91,0.0,0.0,2023-05-25
1069,sh601311,9.12,9.21,9.02,9.16,6678470.0,9.15,0.01,0.0011,2023-05-25
1070,sh601318,48.38,48.75,47.9,48.4,52552892.0,48.47,-0.07,-0.0014,2023-05-25
1071,sh601319,6.05,6.08,5.88,6.01,88322736.0,6.07,-0.06,-0.0099,2023-05-25
1072,sh601326,3.5,3.53,3.42,3.48,45675200.0,3.51,-0.03,-0.0085,2023-05-25
1073,sh601328,5.57,5.66,5.52,5.65,134997508.0,5.6,0.05,0.0089,2023-05-25
1074,sh601330,7.44,7.51,7.32,7.45,7327963.0,7.45,0.0,0.0,2023-05-25
1075,sh601333,3.46,3.62,3.42,3.55,147357456.0,3.48,0.07,0.0201,2023-05-25
1076,sh601336,37.03,37.23,36.56,37.07,12568035.0,37.1,-0.03,-0.0008,2023-05-25
1077,sh601339,6.0,6.03,5.93,6.03,4710665.0,5.98,0.05,0.0084,2023-05-25
1078,sh601360,13.2,13.49,12.8,13.44,343648220.0,13.14,0.3,0.0228,2023-05-25
1079,sh601366,5.53,5.57,5.42,5.57,2252900.0,5.47,0.1,0.0183,2023-05-25
1080,sh601368,5.33,5.37,5.3,5.36,4429600.0,5.35,0.01,0.0019,2023-05-25
1081,sh601369,9.27,9.36,9.15,9.28,12092800.0,9.29,-0.01,-0.0011,2023-05-25
1082,sh601375,3.76,3.77,3.72,3.76,24332103.0,3.75,0.01,0.0027,2023-05-25
1083,sh601377,6.14,6.19,6.09,6.17,54835583.0,6.15,0.02,0.0033,2023-05-25
1084,sh601388,2.82,2.83,2.77,2.81,21617879.0,2.84,-0.03,-0.0106,2023-05-25
1085,sh601390,7.31,7.42,7.26,7.41,149455426.0,7.34,0.07,0.0095,2023-05-25
1086,sh601398,4.73,4.77,4.7,4.74,346134735.0,4.76,-0.02,-0.0042,2023-05-25
1087,sh601399,3.19,3.23,3.16,3.2,25000714.0,3.2,0.0,0.0,2023-05-25
1088,sh601456,10.0,10.08,9.96,10.03,15270991.0,10.0,0.03,0.003,2023-05-25
1089,sh601500,3.9,3.96,3.88,3.93,5308785.0,3.91,0.02,0.0051,2023-05-25
1090,sh601512,9.06,9.13,8.98,9.08,2755500.0,9.11,-0.03,-0.0033,2023-05-25
1091,sh601515,4.43,4.44,4.37,4.42,11179514.0,4.45,-0.03,-0.0067,2023-05-25
1092,sh601518,3.41,3.44,3.38,3.43,11692034.0,3.39,0.04,0.0118,2023-05-25
1093,sh601519,6.96,7.03,6.81,6.95,37512920.0,6.98,-0.03,-0.0043,2023-05-25
1094,sh601528,5.02,5.06,4.98,5.05,12836993.0,5.05,0.0,0.0,2023-05-25
1095,sh601555,6.84,6.88,6.79,6.86,33204836.0,6.84,0.02,0.0029,2023-05-25
1096,sh601566,11.7,11.83,11.47,11.81,6619910.0,11.74,0.07,0.006,2023-05-25
1097,sh601567,13.61,13.61,13.1,13.35,12292994.0,13.52,-0.17,-0.0126,2023-05-25
1098,sh601568,5.58,5.59,5.54,5.56,5238940.0,5.6,-0.04,-0.0071,2023-05-25
1099,sh601577,8.09,8.15,7.92,7.97,10131242.0,8.11,-0.14,-0.0173,2023-05-25
1100,sh601579,12.46,12.46,12.1,12.34,8688773.0,12.39,-0.05,-0.004,2023-05-25
1101,sh601588,1.97,1.98,1.94,1.97,17968400.0,1.97,0.0,0.0,2023-05-25
1102,sh601595,28.0,28.45,26.88,28.4,18950915.0,28.45,-0.05,-0.0018,2023-05-25
1103,sh601598,4.53,4.59,4.49,4.58,55282213.0,4.54,0.04,0.0088,2023-05-25
1104,sh601599,3.32,3.38,3.28,3.37,17486649.0,3.34,0.03,0.009,2023-05-25
1105,sh601600,5.28,5.31,5.13,5.2,102558428.0,5.28,-0.08,-0.0152,2023-05-25
1106,sh601601,28.75,28.94,28.2,28.63,23905662.0,28.8,-0.17,-0.0059,2023-05-25
1107,sh601606,13.43,13.91,13.28,13.63,24844657.0,13.42,0.21,0.0156,2023-05-25
1108,sh601607,21.76,21.93,21.45,21.79,11005914.0,21.87,-0.08,-0.0037,2023-05-25
1109,sh601608,3.92,4.0,3.91,3.97,23164945.0,3.94,0.03,0.0076,2023-05-25
1110,sh601609,6.56,6.61,6.51,6.55,4543105.0,6.6,-0.05,-0.0076,2023-05-25
1111,sh601611,8.29,8.37,8.22,8.34,14645361.0,8.33,0.01,0.0012,2023-05-25
1112,sh601615,18.44,18.89,18.44,18.71,12848227.0,18.61,0.1,0.0054,2023-05-25
1113,sh601616,3.44,3.5,3.4,3.47,7933600.0,3.44,0.03,0.0087,2023-05-25
1114,sh601618,3.87,3.89,3.8,3.85,77308946.0,3.87,-0.02,-0.0052,2023-05-25
1115,sh601619,4.75,4.82,4.74,4.78,19432530.0,4.76,0.02,0.0042,2023-05-25
1116,sh601628,37.48,37.56,36.9,37.55,13093113.0,37.5,0.05,0.0013,2023-05-25
1117,sh601633,26.34,26.4,24.5,24.8,35031558.0,26.43,-1.63,-0.0617,2023-05-25
1118,sh601636,8.34,8.34,8.18,8.27,28578051.0,8.35,-0.08,-0.0096,2023-05-25
1119,sh601658,5.17,5.2,5.08,5.15,106044702.0,5.18,-0.03,-0.0058,2023-05-25
1120,sh601665,4.08,4.11,4.06,4.09,18032233.0,4.08,0.01,0.0025,2023-05-25
1121,sh601666,9.67,9.71,9.4,9.55,24615781.0,9.72,-0.17,-0.0175,2023-05-25
1122,sh601668,5.82,5.84,5.74,5.8,286358202.0,5.85,-0.05,-0.0085,2023-05-25
1123,sh601669,6.72,6.83,6.71,6.77,82974541.0,6.79,-0.02,-0.0029,2023-05-25
1124,sh601677,12.97,13.13,12.74,12.9,19918232.0,13.01,-0.11,-0.0085,2023-05-25
1125,sh601678,4.82,4.87,4.8,4.83,8964280.0,4.82,0.01,0.0021,2023-05-25
1126,sh601686,6.78,6.88,6.75,6.84,4327840.0,6.76,0.08,0.0118,2023-05-25
1127,sh601688,13.38,13.44,13.23,13.37,51234023.0,13.41,-0.04,-0.003,2023-05-25
1128,sh601689,56.22,57.1,55.17,56.1,5355972.0,56.5,-0.4,-0.0071,2023-05-25
1129,sh601696,10.81,10.94,10.76,10.92,32216821.0,10.85,0.07,0.0065,2023-05-25
1130,sh601698,16.84,17.18,16.49,17.02,30649553.0,17.04,-0.02,-0.0012,2023-05-25
1131,sh601699,19.52,19.61,18.94,19.15,25621694.0,19.6,-0.45,-0.023,2023-05-25
1132,sh601700,5.28,5.39,5.28,5.35,6200499.0,5.32,0.03,0.0056,2023-05-25
1133,sh601702,12.81,12.87,12.42,12.63,6912500.0,12.87,-0.24,-0.0186,2023-05-25
1134,sh601717,13.73,13.88,13.33,13.47,11704278.0,13.8,-0.33,-0.0239,2023-05-25
1135,sh601718,3.05,3.06,3.0,3.03,42501029.0,3.05,-0.02,-0.0066,2023-05-25
1136,sh601727,4.36,4.42,4.35,4.41,27831597.0,4.39,0.02,0.0046,2023-05-25
1137,sh601728,5.67,5.71,5.51,5.67,214290963.0,5.64,0.03,0.0053,2023-05-25
1138,sh601766,6.29,6.38,6.25,6.33,65465755.0,6.3,0.03,0.0048,2023-05-25
1139,sh601777,3.38,3.4,3.31,3.36,7041300.0,3.37,-0.01,-0.003,2023-05-25
1140,sh601778,4.71,4.86,4.7,4.83,41523890.0,4.72,0.11,0.0233,2023-05-25
1141,sh601788,15.68,16.05,15.67,16.05,69950089.0,15.76,0.29,0.0184,2023-05-25
1142,sh601789,4.56,4.84,4.56,4.74,39363977.0,4.58,0.16,0.0349,2023-05-25
1143,sh601798,7.31,7.35,7.22,7.34,2794000.0,7.33,0.01,0.0014,2023-05-25
1144,sh601799,108.9,109.49,107.39,108.28,346828.0,108.9,-0.62,-0.0057,2023-05-25
1145,sh601800,9.94,10.02,9.8,9.97,56639919.0,10.01,-0.04,-0.004,2023-05-25
1146,sh601801,8.52,8.9,8.15,8.33,37206670.0,8.68,-0.35,-0.0403,2023-05-25
1147,sh601808,14.49,14.59,14.2,14.4,7035059.0,14.52,-0.12,-0.0083,2023-05-25
1148,sh601811,15.28,15.69,14.81,15.2,12538787.0,15.19,0.01,0.0007,2023-05-25
1149,sh601816,5.41,5.5,5.38,5.48,65259627.0,5.41,0.07,0.0129,2023-05-25
1150,sh601818,3.09,3.12,3.08,3.11,133832898.0,3.1,0.01,0.0032,2023-05-25
1151,sh601825,5.95,5.98,5.9,5.94,13571100.0,5.95,-0.01,-0.0017,2023-05-25
1152,sh601827,7.49,7.56,7.43,7.5,3534590.0,7.49,0.01,0.0013,2023-05-25
1153,sh601828,4.81,4.82,4.73,4.78,12356710.0,4.8,-0.02,-0.0042,2023-05-25
1154,sh601838,12.53,12.61,12.43,12.48,20526424.0,12.57,-0.09,-0.0072,2023-05-25
1155,sh601857,7.2,7.27,7.02,7.16,228173645.0,7.22,-0.06,-0.0083,2023-05-25
1156,sh601858,36.7,37.38,34.02,34.62,34309855.0,37.8,-3.18,-0.0841,2023-05-25
1157,sh601860,2.62,2.64,2.61,2.63,32250510.0,2.63,0.0,0.0,2023-05-25
1158,sh601865,33.83,35.0,33.66,34.3,14616278.0,33.65,0.65,0.0193,2023-05-25
1159,sh601866,2.47,2.5,2.47,2.5,31581601.0,2.49,0.01,0.004,2023-05-25
1160,sh601868,2.37,2.39,2.35,2.38,303628055.0,2.38,0.0,0.0,2023-05-25
1161,sh601869,33.64,34.29,33.57,34.22,2757840.0,33.82,0.4,0.0118,2023-05-25
1162,sh601872,5.81,5.83,5.65,5.76,54133064.0,5.85,-0.09,-0.0154,2023-05-25
1163,sh601877,26.77,27.39,26.69,27.1,14263291.0,26.9,0.2,0.0074,2023-05-25
1164,sh601878,9.98,10.08,9.94,10.07,26255242.0,10.01,0.06,0.006,2023-05-25
1165,sh601880,1.59,1.59,1.57,1.58,124871109.0,1.59,-0.01,-0.0063,2023-05-25
1166,sh601881,11.39,11.42,11.19,11.37,77942215.0,11.38,-0.01,-0.0009,2023-05-25
1167,sh601882,31.31,31.4,30.0,30.7,4404994.0,31.47,-0.77,-0.0245,2023-05-25
1168,sh601886,8.18,8.46,8.13,8.45,11585114.0,8.22,0.23,0.028,2023-05-25
1169,sh601888,132.23,133.5,130.67,131.4,12688579.0,133.51,-2.11,-0.0158,2023-05-25
1170,sh601890,10.42,10.57,10.2,10.52,29995292.0,10.52,0.0,0.0,2023-05-25
1171,sh601898,8.99,9.04,8.78,8.94,29976900.0,9.04,-0.1,-0.0111,2023-05-25
1172,sh601899,10.62,10.62,10.38,10.52,148254167.0,10.69,-0.17,-0.0159,2023-05-25
1173,sh601900,18.61,19.16,17.16,18.07,32544832.0,19.07,-1.0,-0.0524,2023-05-25
1174,sh601901,6.66,6.73,6.65,6.71,21115761.0,6.68,0.03,0.0045,2023-05-25
1175,sh601908,6.23,6.4,6.22,6.34,29594283.0,6.25,0.09,0.0144,2023-05-25
1176,sh601916,2.89,2.9,2.86,2.88,69873843.0,2.89,-0.01,-0.0035,2023-05-25
1177,sh601918,4.18,4.21,4.13,4.16,17279045.0,4.19,-0.03,-0.0072,2023-05-25
1178,sh601919,10.86,10.91,10.77,10.88,51598504.0,10.89,-0.01,-0.0009,2023-05-25
1179,sh601921,8.3,8.42,8.07,8.23,13549144.0,8.34,-0.11,-0.0132,2023-05-25
1180,sh601928,12.41,12.72,11.95,12.19,19230753.0,12.51,-0.32,-0.0256,2023-05-25
1181,sh601929,1.89,1.9,1.81,1.85,76130119.0,1.9,-0.05,-0.0263,2023-05-25
1182,sh601933,3.18,3.18,3.15,3.18,24366985.0,3.18,0.0,0.0,2023-05-25
1183,sh601939,6.27,6.3,6.15,6.21,146668685.0,6.3,-0.09,-0.0143,2023-05-25
1184,sh601949,11.79,11.95,11.13,11.42,63155515.0,11.85,-0.43,-0.0363,2023-05-25
1185,sh601952,11.8,11.85,11.63,11.71,4329200.0,11.81,-0.1,-0.0085,2023-05-25
1186,sh601956,5.7,5.76,5.66,5.76,4674352.0,5.7,0.06,0.0105,2023-05-25
1187,sh601958,10.5,10.61,10.35,10.45,14428634.0,10.48,-0.03,-0.0029,2023-05-25
1188,sh601963,8.22,8.3,8.18,8.24,5024070.0,8.21,0.03,0.0037,2023-05-25
1189,sh601965,19.83,20.05,19.66,19.85,3014530.0,19.94,-0.09,-0.0045,2023-05-25
1190,sh601966,21.77,21.79,21.17,21.42,8507732.0,21.85,-0.43,-0.0197,2023-05-25
1191,sh601968,6.45,6.47,6.34,6.38,2835801.0,6.47,-0.09,-0.0139,2023-05-25
1192,sh601969,6.69,6.73,6.6,6.64,6021214.0,6.7,-0.06,-0.009,2023-05-25
1193,sh601975,3.02,3.08,2.97,3.07,106064887.0,3.04,0.03,0.0099,2023-05-25
1194,sh601985,6.78,6.92,6.75,6.86,63293714.0,6.78,0.08,0.0118,2023-05-25
1195,sh601988,3.86,3.89,3.83,3.89,280922299.0,3.89,0.0,0.0,2023-05-25
1196,sh601989,4.5,4.6,4.48,4.59,161296970.0,4.53,0.06,0.0132,2023-05-25
1197,sh601990,8.27,8.35,8.25,8.34,13738526.0,8.31,0.03,0.0036,2023-05-25
1198,sh601991,3.31,3.41,3.24,3.39,132933894.0,3.36,0.03,0.0089,2023-05-25
1199,sh601992,2.21,2.22,2.17,2.19,32584382.0,2.22,-0.03,-0.0135,2023-05-25
1200,sh601995,41.48,41.9,41.08,41.84,11867127.0,41.83,0.01,0.0002,2023-05-25
1201,sh601996,2.49,2.51,2.47,2.49,5977200.0,2.49,0.0,0.0,2023-05-25
1202,sh601997,5.65,5.69,5.63,5.67,19242499.0,5.66,0.01,0.0018,2023-05-25
1203,sh601998,6.49,6.56,6.43,6.54,51376189.0,6.49,0.05,0.0077,2023-05-25
1204,sh601999,6.62,6.67,6.44,6.57,19072560.0,6.66,-0.09,-0.0135,2023-05-25
1205,sh603000,18.54,18.74,17.88,18.02,29503576.0,18.7,-0.68,-0.0364,2023-05-25
1206,sh603001,5.74,5.78,5.65,5.74,2261651.0,5.78,-0.04,-0.0069,2023-05-25
1207,sh603002,5.09,5.1,4.99,5.05,2669689.0,5.08,-0.03,-0.0059,2023-05-25
1208,sh603003,8.81,9.08,8.58,8.73,9717846.0,8.81,-0.08,-0.0091,2023-05-25
1209,sh603005,22.5,22.98,22.2,22.76,19900739.0,22.65,0.11,0.0049,2023-05-25
1210,sh603006,10.06,10.12,9.88,10.09,1321600.0,10.07,0.02,0.002,2023-05-25
1211,sh603007,4.3,4.49,4.23,4.41,3267500.0,4.43,-0.02,-0.0045,2023-05-25
1212,sh603008,24.39,24.57,24.05,24.29,3242480.0,24.44,-0.15,-0.0061,2023-05-25
1213,sh603009,6.47,6.52,6.4,6.5,3009322.0,6.48,0.02,0.0031,2023-05-25
1214,sh603010,11.4,11.48,11.3,11.42,1396459.0,11.41,0.01,0.0009,2023-05-25
1215,sh603011,6.88,6.97,6.81,6.91,5902600.0,6.91,0.0,0.0,2023-05-25
1216,sh603012,5.91,5.97,5.87,5.95,5982455.0,5.91,0.04,0.0068,2023-05-25
1217,sh603013,15.3,16.64,14.97,16.64,20981351.0,15.13,1.51,0.0998,2023-05-25
1218,sh603015,8.45,8.65,8.38,8.55,5612910.0,8.46,0.09,0.0106,2023-05-25
1219,sh603016,24.52,25.86,24.42,25.63,3745395.0,24.76,0.87,0.0351,2023-05-25
1220,sh603017,10.13,10.19,10.0,10.19,2040100.0,10.14,0.05,0.0049,2023-05-25
1221,sh603018,9.21,9.34,9.05,9.18,13082960.0,9.3,-0.12,-0.0129,2023-05-25
1222,sh603019,46.63,47.9,44.9,47.2,100384558.0,44.72,2.48,0.0555,2023-05-25
1223,sh603020,9.42,9.47,9.27,9.4,1371900.0,9.42,-0.02,-0.0021,2023-05-25
1224,sh603021,5.4,5.44,5.3,5.36,2674220.0,5.4,-0.04,-0.0074,2023-05-25
1225,sh603022,9.41,9.42,9.18,9.39,911500.0,9.36,0.03,0.0032,2023-05-25
1226,sh603023,3.85,3.87,3.79,3.85,3302570.0,3.83,0.02,0.0052,2023-05-25
1227,sh603025,15.1,15.19,14.98,15.12,2706076.0,15.12,0.0,0.0,2023-05-25
1228,sh603026,66.6,66.99,65.77,66.59,1095764.0,66.84,-0.25,-0.0037,2023-05-25
1229,sh603027,21.8,21.92,21.44,21.74,9543212.0,21.88,-0.14,-0.0064,2023-05-25
1230,sh603028,11.84,11.96,11.73,11.93,2612110.0,11.84,0.09,0.0076,2023-05-25
1231,sh603029,24.3,25.7,23.09,23.15,21641010.0,25.66,-2.51,-0.0978,2023-05-25
1232,sh603030,2.05,2.14,2.01,2.1,28150600.0,2.07,0.03,0.0145,2023-05-25
1233,sh603031,45.86,46.31,44.5,45.98,318900.0,45.98,0.0,0.0,2023-05-25
1234,sh603032,56.56,57.55,56.06,56.65,937070.0,56.84,-0.19,-0.0033,2023-05-25
1235,sh603033,19.1,19.25,18.96,19.04,1242447.0,19.12,-0.08,-0.0042,2023-05-25
1236,sh603035,18.43,18.62,18.31,18.43,2773468.0,18.48,-0.05,-0.0027,2023-05-25
1237,sh603036,10.61,10.7,10.39,10.62,2224400.0,10.6,0.02,0.0019,2023-05-25
1238,sh603037,16.86,17.05,16.7,16.98,531400.0,16.94,0.04,0.0024,2023-05-25
1239,sh603038,8.54,8.59,8.38,8.58,5840906.0,8.53,0.05,0.0059,2023-05-25
1240,sh603039,69.84,71.32,64.3,66.81,3709092.0,69.93,-3.12,-0.0446,2023-05-25
1241,sh603040,22.82,23.3,22.52,22.73,1631520.0,22.73,0.0,0.0,2023-05-25
1242,sh603041,11.67,11.85,11.62,11.72,1915396.0,11.74,-0.02,-0.0017,2023-05-25
1243,sh603042,12.16,12.48,11.95,12.21,5153944.0,12.24,-0.03,-0.0025,2023-05-25
1244,sh603043,28.48,28.71,27.91,28.24,1743104.0,28.68,-0.44,-0.0153,2023-05-25
1245,sh603045,14.45,14.59,14.35,14.5,1172000.0,14.45,0.05,0.0035,2023-05-25
1246,sh603048,15.47,15.52,15.25,15.52,543400.0,15.48,0.04,0.0026,2023-05-25
1247,sh603050,22.29,22.74,22.1,22.49,5810799.0,22.3,0.19,0.0085,2023-05-25
1248,sh603051,44.18,46.2,43.61,44.43,4064064.0,44.23,0.2,0.0045,2023-05-25
1249,sh603052,29.23,29.88,28.78,29.35,1388520.0,29.56,-0.21,-0.0071,2023-05-25
1250,sh603053,9.98,10.23,9.92,10.16,5176080.0,9.91,0.25,0.0252,2023-05-25
1251,sh603055,9.71,9.84,9.54,9.83,3599770.0,9.72,0.11,0.0113,2023-05-25
1252,sh603056,14.7,14.9,14.62,14.82,3271294.0,14.81,0.01,0.0007,2023-05-25
1253,sh603057,25.6,25.83,25.42,25.8,779639.0,25.66,0.14,0.0055,2023-05-25
1254,sh603058,11.01,11.14,10.55,10.77,8282317.0,11.05,-0.28,-0.0253,2023-05-25
1255,sh603059,22.19,22.19,21.27,21.68,1509525.0,22.13,-0.45,-0.0203,2023-05-25
1256,sh603060,12.24,12.27,12.03,12.23,1240350.0,12.23,0.0,0.0,2023-05-25
1257,sh603061,128.86,130.34,123.79,126.79,1809700.0,130.8,-4.01,-0.0307,2023-05-25
1258,sh603063,29.21,31.66,29.04,31.1,15787453.0,29.2,1.9,0.0651,2023-05-25
1259,sh603065,15.41,15.46,15.13,15.35,2677865.0,15.53,-0.18,-0.0116,2023-05-25
1260,sh603066,11.34,11.54,11.16,11.37,7170161.0,11.4,-0.03,-0.0026,2023-05-25
1261,sh603067,12.14,12.19,11.88,11.97,6016729.0,12.13,-0.16,-0.0132,2023-05-25
1262,sh603068,29.36,29.8,28.8,29.23,2141773.0,29.41,-0.18,-0.0061,2023-05-25
1263,sh603069,19.7,20.03,19.53,19.73,3207700.0,19.83,-0.1,-0.005,2023-05-25
1264,sh603070,18.57,18.71,18.21,18.62,6439502.0,18.85,-0.23,-0.0122,2023-05-25
1265,sh603071,17.02,17.38,16.93,17.15,2754017.0,16.92,0.23,0.0136,2023-05-25
1266,sh603073,19.99,22.17,19.99,22.17,7059874.0,20.15,2.02,0.1002,2023-05-25
1267,sh603076,41.9,43.55,41.7,43.39,1960753.0,42.11,1.28,0.0304,2023-05-25
1268,sh603077,2.52,2.52,2.35,2.43,150945696.0,2.53,-0.1,-0.0395,2023-05-25
1269,sh603078,17.61,17.85,17.45,17.83,5867712.0,17.8,0.03,0.0017,2023-05-25
1270,sh603079,12.53,12.6,12.29,12.46,775800.0,12.54,-0.08,-0.0064,2023-05-25
1271,sh603080,14.16,14.98,14.09,14.58,5279700.0,14.25,0.33,0.0232,2023-05-25
1272,sh603081,15.16,15.32,14.99,15.13,1776800.0,15.16,-0.03,-0.002,2023-05-25
1273,sh603083,63.0,68.19,56.51,68.19,113426371.0,61.99,6.2,0.1,2023-05-25
1274,sh603085,9.43,9.57,9.31,9.45,1210204.0,9.52,-0.07,-0.0074,2023-05-25
1275,sh603086,10.54,10.64,10.45,10.55,2416352.0,10.54,0.01,0.0009,2023-05-25
1276,sh603087,38.29,38.41,37.78,38.14,4011356.0,38.3,-0.16,-0.0042,2023-05-25
1277,sh603088,8.23,8.33,8.15,8.25,5042592.0,8.18,0.07,0.0086,2023-05-25
1278,sh603089,8.37,8.4,8.22,8.39,1425700.0,8.39,0.0,0.0,2023-05-25
1279,sh603090,21.09,21.15,20.86,21.1,1000800.0,21.01,0.09,0.0043,2023-05-25
1280,sh603093,10.44,10.88,10.4,10.62,6188300.0,10.43,0.19,0.0182,2023-05-25
1281,sh603095,22.88,23.13,22.54,22.92,810000.0,22.92,0.0,0.0,2023-05-25
1282,sh603096,20.09,20.4,19.45,19.75,3766400.0,20.26,-0.51,-0.0252,2023-05-25
1283,sh603097,19.92,21.92,19.79,21.92,9791693.0,19.93,1.99,0.0998,2023-05-25
1284,sh603098,21.86,22.24,21.75,21.98,1309500.0,21.94,0.04,0.0018,2023-05-25
1285,sh603099,9.53,9.6,9.34,9.44,2165000.0,9.56,-0.12,-0.0126,2023-05-25
1286,sh603100,38.29,38.78,37.65,38.41,1059125.0,38.2,0.21,0.0055,2023-05-25
1287,sh603101,5.86,5.91,5.77,5.83,2479432.0,5.88,-0.05,-0.0085,2023-05-25
1288,sh603102,45.38,46.1,44.78,45.3,750800.0,45.3,0.0,0.0,2023-05-25
1289,sh603103,16.34,16.56,15.83,16.07,3709194.0,16.45,-0.38,-0.0231,2023-05-25
1290,sh603105,15.24,15.66,15.09,15.48,9530758.0,15.25,0.23,0.0151,2023-05-25
1291,sh603106,5.42,5.51,5.3,5.4,4922308.0,5.42,-0.02,-0.0037,2023-05-25
1292,sh603108,11.48,11.52,11.31,11.39,7361486.0,11.5,-0.11,-0.0096,2023-05-25
1293,sh603109,16.66,16.95,16.51,16.95,5719000.0,16.55,0.4,0.0242,2023-05-25
1294,sh603110,23.46,23.48,22.94,23.18,2189624.0,23.36,-0.18,-0.0077,2023-05-25
1295,sh603111,4.58,4.64,4.54,4.62,3338100.0,4.58,0.04,0.0087,2023-05-25
1296,sh603112,10.8,10.94,10.72,10.87,2011647.0,10.81,0.06,0.0056,2023-05-25
1297,sh603113,8.46,8.54,8.34,8.43,3459667.0,8.5,-0.07,-0.0082,2023-05-25
1298,sh603115,15.07,15.07,14.79,14.93,1275600.0,15.02,-0.09,-0.006,2023-05-25
1299,sh603116,5.85,5.93,5.77,5.9,8534290.0,5.85,0.05,0.0085,2023-05-25
1300,sh603117,3.84,3.86,3.67,3.73,4323500.0,3.86,-0.13,-0.0337,2023-05-25
1301,sh603118,8.73,8.87,8.61,8.77,8575700.0,8.7,0.07,0.008,2023-05-25
1302,sh603121,7.96,8.03,7.88,7.99,4857155.0,8.04,-0.05,-0.0062,2023-05-25
1303,sh603122,9.28,9.28,9.08,9.16,2524000.0,9.24,-0.08,-0.0087,2023-05-25
1304,sh603123,9.99,9.99,9.66,9.8,11638600.0,10.04,-0.24,-0.0239,2023-05-25
1305,sh603125,32.48,33.39,32.26,33.17,8607168.0,32.88,0.29,0.0088,2023-05-25
1306,sh603126,8.02,8.15,7.96,8.1,7340235.0,8.01,0.09,0.0112,2023-05-25
1307,sh603127,47.83,48.1,47.01,47.45,2800903.0,48.15,-0.7,-0.0145,2023-05-25
1308,sh603128,9.54,9.63,9.37,9.58,9294388.0,9.6,-0.02,-0.0021,2023-05-25
1309,sh603129,138.21,140.28,137.01,139.29,454970.0,139.05,0.24,0.0017,2023-05-25
1310,sh603130,23.53,25.35,23.19,24.3,4401183.0,23.55,0.75,0.0318,2023-05-25
1311,sh603131,12.16,12.41,12.14,12.28,3192921.0,12.21,0.07,0.0057,2023-05-25
1312,sh603132,12.01,12.11,11.95,12.02,1630499.0,12.07,-0.05,-0.0041,2023-05-25
1313,sh603133,7.55,7.65,7.3,7.41,3381852.0,7.59,-0.18,-0.0237,2023-05-25
1314,sh603135,19.46,20.06,19.42,19.91,8293123.0,19.7,0.21,0.0107,2023-05-25
1315,sh603136,26.26,26.43,25.56,26.0,1835872.0,26.26,-0.26,-0.0099,2023-05-25
1316,sh603137,19.93,21.37,19.77,20.5,5935891.0,20.0,0.5,0.025,2023-05-25
1317,sh603138,18.74,19.08,17.99,18.39,6239954.0,18.74,-0.35,-0.0187,2023-05-25
1318,sh603139,16.91,16.99,16.53,16.81,902900.0,16.91,-0.1,-0.0059,2023-05-25
1319,sh603150,26.83,27.09,26.4,26.62,734500.0,26.95,-0.33,-0.0122,2023-05-25
1320,sh603151,17.56,17.62,17.4,17.55,482668.0,17.55,0.0,0.0,2023-05-25
1321,sh603153,18.1,18.77,18.04,18.7,7604938.0,18.21,0.49,0.0269,2023-05-25
1322,sh603155,26.0,26.37,25.65,26.0,495225.0,26.28,-0.28,-0.0107,2023-05-25
1323,sh603156,26.71,26.88,26.24,26.72,3068568.0,26.86,-0.14,-0.0052,2023-05-25
1324,sh603158,7.12,7.15,7.02,7.11,4480991.0,7.1,0.01,0.0014,2023-05-25
1325,sh603159,14.12,14.21,13.91,14.07,535880.0,14.11,-0.04,-0.0028,2023-05-25
1326,sh603160,49.46,49.98,48.9,49.5,2155106.0,49.46,0.04,0.0008,2023-05-25
1327,sh603161,14.15,14.33,14.1,14.33,1129800.0,14.28,0.05,0.0035,2023-05-25
1328,sh603162,18.47,18.77,18.31,18.41,971831.0,18.57,-0.16,-0.0086,2023-05-25
1329,sh603163,43.47,45.67,42.68,44.8,1335624.0,43.68,1.12,0.0256,2023-05-25
1330,sh603165,14.49,14.93,14.32,14.64,3792014.0,14.39,0.25,0.0174,2023-05-25
1331,sh603166,6.24,6.27,6.14,6.24,2911306.0,6.26,-0.02,-0.0032,2023-05-25
1332,sh603167,7.15,7.17,7.05,7.12,2834800.0,7.18,-0.06,-0.0084,2023-05-25
1333,sh603168,8.75,8.86,8.58,8.71,14146935.0,8.87,-0.16,-0.018,2023-05-25
1334,sh603169,6.65,6.73,6.55,6.7,17835086.0,6.69,0.01,0.0015,2023-05-25
1335,sh603170,22.0,22.02,21.6,21.83,1055100.0,21.82,0.01,0.0005,2023-05-25
1336,sh603171,40.26,40.83,39.16,40.05,1108000.0,40.15,-0.1,-0.0025,2023-05-25
1337,sh603172,17.85,19.26,17.84,18.71,12708555.0,18.6,0.11,0.0059,2023-05-25
1338,sh603173,31.37,31.83,30.8,31.3,1306422.0,31.59,-0.29,-0.0092,2023-05-25
1339,sh603176,6.48,6.55,6.45,6.54,2811081.0,6.53,0.01,0.0015,2023-05-25
1340,sh603177,13.1,13.25,12.91,13.09,1439400.0,13.08,0.01,0.0008,2023-05-25
1341,sh603178,9.49,9.62,9.4,9.58,1272600.0,9.54,0.04,0.0042,2023-05-25
1342,sh603179,39.3,39.82,38.78,39.37,1877135.0,39.52,-0.15,-0.0038,2023-05-25
1343,sh603180,31.82,32.0,31.24,31.75,766161.0,31.83,-0.08,-0.0025,2023-05-25
1344,sh603181,10.7,10.74,10.45,10.54,5163088.0,10.71,-0.17,-0.0159,2023-05-25
1345,sh603182,15.89,15.9,15.67,15.87,923794.0,15.8,0.07,0.0044,2023-05-25
1346,sh603183,4.85,4.92,4.83,4.9,7026373.0,4.87,0.03,0.0062,2023-05-25
1347,sh603185,81.11,82.99,80.2,81.94,4186551.0,81.8,0.14,0.0017,2023-05-25
1348,sh603186,31.0,31.98,29.79,30.78,5531300.0,31.14,-0.36,-0.0116,2023-05-25
1349,sh603187,27.65,28.2,27.3,27.6,2359945.0,27.77,-0.17,-0.0061,2023-05-25
1350,sh603188,3.65,3.68,3.62,3.66,3260600.0,3.65,0.01,0.0027,2023-05-25
1351,sh603189,14.4,14.59,14.13,14.37,2228300.0,14.44,-0.07,-0.0048,2023-05-25
1352,sh603190,28.19,28.55,27.95,28.4,1373476.0,28.19,0.21,0.0074,2023-05-25
1353,sh603191,19.44,19.69,19.17,19.35,6368210.0,19.4,-0.05,-0.0026,2023-05-25
1354,sh603192,19.44,19.73,19.43,19.58,534114.0,19.53,0.05,0.0026,2023-05-25
1355,sh603195,153.36,155.29,151.55,155.0,592953.0,154.21,0.79,0.0051,2023-05-25
1356,sh603196,23.78,23.78,23.78,23.78,1438494.0,21.62,2.16,0.0999,2023-05-25
1357,sh603197,46.48,48.6,46.27,47.05,3496030.0,46.73,0.32,0.0068,2023-05-25
1358,sh603198,59.03,59.4,58.47,58.85,1506026.0,59.41,-0.56,-0.0094,2023-05-25
1359,sh603199,28.35,28.86,28.23,28.59,1466500.0,28.56,0.03,0.0011,2023-05-25
1360,sh603200,18.88,19.26,18.59,19.15,3012775.0,18.97,0.18,0.0095,2023-05-25
1361,sh603201,31.42,31.56,31.08,31.49,408700.0,31.42,0.07,0.0022,2023-05-25
1362,sh603203,31.38,31.57,31.04,31.5,853966.0,31.15,0.35,0.0112,2023-05-25
1363,sh603206,16.5,16.74,16.29,16.54,1832900.0,16.52,0.02,0.0012,2023-05-25
1364,sh603208,52.82,52.82,50.11,50.67,1326677.0,52.54,-1.87,-0.0356,2023-05-25
1365,sh603209,29.77,30.25,29.53,29.98,741136.0,29.78,0.2,0.0067,2023-05-25
1366,sh603211,15.71,17.51,15.71,15.76,31145838.0,16.88,-1.12,-0.0664,2023-05-25
1367,sh603212,21.22,21.9,20.95,21.57,18721871.0,21.23,0.34,0.016,2023-05-25
1368,sh603213,13.49,13.65,13.41,13.6,1289183.0,13.49,0.11,0.0082,2023-05-25
1369,sh603214,17.44,17.44,16.93,17.2,1580778.0,17.35,-0.15,-0.0086,2023-05-25
1370,sh603215,17.68,17.78,17.47,17.75,2258100.0,17.75,0.0,0.0,2023-05-25
1371,sh603216,13.93,13.96,13.74,13.92,461872.0,13.94,-0.02,-0.0014,2023-05-25
1372,sh603217,25.84,26.58,25.34,26.57,1664084.0,25.96,0.61,0.0235,2023-05-25
1373,sh603218,22.4,23.3,22.38,23.02,6622274.0,22.81,0.21,0.0092,2023-05-25
1374,sh603219,15.22,15.23,14.7,14.87,2751277.0,15.08,-0.21,-0.0139,2023-05-25
1375,sh603220,13.98,14.45,13.7,14.23,7179869.0,13.88,0.35,0.0252,2023-05-25
1376,sh603221,7.56,7.68,7.54,7.65,671697.0,7.62,0.03,0.0039,2023-05-25
1377,sh603222,12.44,12.49,12.02,12.43,8755320.0,12.35,0.08,0.0065,2023-05-25
1378,sh603223,19.42,19.92,19.34,19.49,1471868.0,19.42,0.07,0.0036,2023-05-25
1379,sh603225,10.23,10.44,10.06,10.2,6447833.0,10.37,-0.17,-0.0164,2023-05-25
1380,sh603226,5.22,5.27,5.15,5.24,1687124.0,5.22,0.02,0.0038,2023-05-25
1381,sh603227,8.69,8.78,8.51,8.66,10490300.0,8.74,-0.08,-0.0092,2023-05-25
1382,sh603228,22.05,22.92,21.48,21.87,6356556.0,21.9,-0.03,-0.0014,2023-05-25
1383,sh603229,23.55,23.55,22.78,22.99,4273964.0,23.45,-0.46,-0.0196,2023-05-25
1384,sh603230,13.11,13.29,12.73,12.92,8309820.0,13.16,-0.24,-0.0182,2023-05-25
1385,sh603232,14.82,15.08,14.56,14.92,4066364.0,14.74,0.18,0.0122,2023-05-25
1386,sh603233,33.2,33.57,32.96,33.24,2680288.0,33.24,0.0,0.0,2023-05-25
1387,sh603235,29.32,29.4,28.8,29.07,503644.0,29.32,-0.25,-0.0085,2023-05-25
1388,sh603236,76.01,77.6,74.2,75.2,4077198.0,75.99,-0.79,-0.0104,2023-05-25
1389,sh603237,52.48,52.71,51.1,51.41,786839.0,52.38,-0.97,-0.0185,2023-05-25
1390,sh603238,11.99,12.16,11.88,12.11,1696400.0,11.99,0.12,0.01,2023-05-25
1391,sh603239,15.4,15.44,14.97,15.33,2111200.0,15.28,0.05,0.0033,2023-05-25
1392,sh603255,50.81,53.3,50.5,52.2,2429575.0,51.25,0.95,0.0185,2023-05-25
1393,sh603256,7.35,7.44,7.23,7.34,1811700.0,7.39,-0.05,-0.0068,2023-05-25
1394,sh603258,49.5,51.35,45.26,45.31,24888928.0,50.29,-4.98,-0.099,2023-05-25
1395,sh603259,68.5,69.02,67.27,67.82,16610930.0,68.8,-0.98,-0.0142,2023-05-25
1396,sh603260,71.5,71.65,70.0,70.23,2624080.0,70.95,-0.72,-0.0101,2023-05-25
1397,sh603261,34.05,34.54,33.82,34.38,585700.0,33.9,0.48,0.0142,2023-05-25
1398,sh603266,13.0,13.13,12.88,13.08,1105400.0,13.08,0.0,0.0,2023-05-25
1399,sh603267,64.86,66.1,63.91,64.71,1934905.0,64.93,-0.22,-0.0034,2023-05-25
1400,sh603268,16.42,16.54,16.2,16.53,712500.0,16.52,0.01,0.0006,2023-05-25
1401,sh603269,15.48,15.86,15.48,15.73,2050900.0,15.55,0.18,0.0116,2023-05-25
1402,sh603272,16.75,16.84,16.65,16.84,643445.0,16.78,0.06,0.0036,2023-05-25
1403,sh603277,21.03,21.17,20.8,20.98,697600.0,20.98,0.0,0.0,2023-05-25
1404,sh603278,8.8,8.94,8.76,8.89,2057058.0,8.86,0.03,0.0034,2023-05-25
1405,sh603279,29.09,29.95,29.03,29.68,2160499.0,29.1,0.58,0.0199,2023-05-25
1406,sh603280,24.98,26.14,24.6,25.55,5248379.0,24.7,0.85,0.0344,2023-05-25
1407,sh603281,48.4,49.13,48.3,48.7,1540037.0,48.7,0.0,0.0,2023-05-25
1408,sh603282,34.5,34.78,33.5,34.2,1649746.0,34.72,-0.52,-0.015,2023-05-25
1409,sh603283,48.49,49.18,46.93,47.79,2640714.0,48.53,-0.74,-0.0152,2023-05-25
1410,sh603286,16.6,16.79,16.5,16.71,1639200.0,16.64,0.07,0.0042,2023-05-25
1411,sh603288,63.97,64.8,63.73,63.98,3984944.0,64.4,-0.42,-0.0065,2023-05-25
1412,sh603289,10.22,10.46,10.21,10.38,3158530.0,10.27,0.11,0.0107,2023-05-25
1413,sh603290,225.35,236.77,224.88,231.77,2927871.0,225.5,6.27,0.0278,2023-05-25
1414,sh603291,14.22,14.49,13.75,14.01,15749131.0,14.81,-0.8,-0.054,2023-05-25
1415,sh603297,79.58,80.75,79.4,80.3,250300.0,79.98,0.32,0.004,2023-05-25
1416,sh603298,20.3,20.57,20.07,20.4,3592350.0,20.36,0.04,0.002,2023-05-25
1417,sh603299,9.6,9.6,9.21,9.29,7095380.0,9.61,-0.32,-0.0333,2023-05-25
1418,sh603300,5.55,5.6,5.44,5.45,12563902.0,5.55,-0.1,-0.018,2023-05-25
1419,sh603301,34.34,34.75,34.03,34.17,878219.0,34.4,-0.23,-0.0067,2023-05-25
1420,sh603303,14.74,14.92,14.6,14.86,1143100.0,14.8,0.06,0.0041,2023-05-25
1421,sh603305,25.69,26.19,25.38,25.74,4186327.0,25.77,-0.03,-0.0012,2023-05-25
1422,sh603306,30.58,31.0,30.31,30.76,3235995.0,30.99,-0.23,-0.0074,2023-05-25
1423,sh603307,53.38,54.16,52.5,53.74,1542900.0,54.01,-0.27,-0.005,2023-05-25
1424,sh603308,17.29,17.39,16.85,17.1,4775880.0,17.05,0.05,0.0029,2023-05-25
1425,sh603309,19.24,19.43,18.9,19.07,2714462.0,19.06,0.01,0.0005,2023-05-25
1426,sh603311,12.28,12.37,12.12,12.22,1077400.0,12.3,-0.08,-0.0065,2023-05-25
1427,sh603313,9.52,9.57,9.3,9.42,2154501.0,9.54,-0.12,-0.0126,2023-05-25
1428,sh603315,13.49,13.62,13.34,13.5,1083700.0,13.45,0.05,0.0037,2023-05-25
1429,sh603316,5.86,5.99,5.85,5.97,3588650.0,5.89,0.08,0.0136,2023-05-25
1430,sh603317,15.95,16.05,15.66,15.74,3423616.0,15.95,-0.21,-0.0132,2023-05-25
1431,sh603318,7.83,8.56,7.79,8.56,36969633.0,7.78,0.78,0.1003,2023-05-25
1432,sh603319,15.03,15.18,14.95,15.14,1165197.0,14.99,0.15,0.01,2023-05-25
1433,sh603320,13.2,13.5,13.19,13.48,1335500.0,13.27,0.21,0.0158,2023-05-25
1434,sh603321,7.28,7.37,7.19,7.35,2078000.0,7.29,0.06,0.0082,2023-05-25
1435,sh603322,31.49,31.49,28.4,29.19,15730451.0,31.49,-2.3,-0.073,2023-05-25
1436,sh603323,4.7,4.72,4.66,4.69,10410069.0,4.71,-0.02,-0.0042,2023-05-25
1437,sh603324,39.02,39.6,38.66,39.5,1598644.0,39.5,0.0,0.0,2023-05-25
1438,sh603326,7.92,8.02,7.76,7.85,1457560.0,7.98,-0.13,-0.0163,2023-05-25
1439,sh603327,15.13,15.27,15.0,15.2,1479880.0,15.16,0.04,0.0026,2023-05-25
1440,sh603328,7.9,8.08,7.74,7.98,27525196.0,7.86,0.12,0.0153,2023-05-25
1441,sh603329,15.2,15.44,14.88,15.0,833900.0,15.27,-0.27,-0.0177,2023-05-25
1442,sh603330,11.3,11.49,11.2,11.34,5793870.0,11.24,0.1,0.0089,2023-05-25
1443,sh603331,14.18,14.62,14.18,14.41,2368936.0,14.24,0.17,0.0119,2023-05-25
1444,sh603332,10.86,10.9,10.7,10.89,968440.0,10.81,0.08,0.0074,2023-05-25
1445,sh603333,5.7,5.73,5.62,5.71,6510114.0,5.68,0.03,0.0053,2023-05-25
1446,sh603335,5.5,5.52,5.41,5.5,2723000.0,5.49,0.01,0.0018,2023-05-25
1447,sh603336,6.41,6.42,6.24,6.3,4612780.0,6.41,-0.11,-0.0172,2023-05-25
1448,sh603337,19.03,19.99,19.03,19.65,1970842.0,19.19,0.46,0.024,2023-05-25
1449,sh603338,47.48,48.2,47.3,47.86,1808558.0,47.59,0.27,0.0057,2023-05-25
1450,sh603339,15.4,15.77,15.27,15.48,5107028.0,15.47,0.01,0.0006,2023-05-25
1451,sh603345,164.3,166.23,160.71,161.96,2311492.0,164.21,-2.25,-0.0137,2023-05-25
1452,sh603348,40.8,41.42,40.5,40.76,2388937.0,41.22,-0.46,-0.0112,2023-05-25
1453,sh603351,27.19,27.3,26.71,27.08,303600.0,27.05,0.03,0.0011,2023-05-25
1454,sh603353,16.48,16.59,16.33,16.55,438429.0,16.56,-0.01,-0.0006,2023-05-25
1455,sh603355,25.06,25.21,24.75,25.12,1032940.0,25.05,0.07,0.0028,2023-05-25
1456,sh603356,15.02,15.34,14.94,15.11,3659000.0,15.04,0.07,0.0047,2023-05-25
1457,sh603357,12.85,13.01,12.74,12.95,11405812.0,12.94,0.01,0.0008,2023-05-25
1458,sh603358,19.49,19.65,19.23,19.6,1000088.0,19.56,0.04,0.002,2023-05-25
1459,sh603359,10.96,11.04,10.73,10.83,4814059.0,11.06,-0.23,-0.0208,2023-05-25
1460,sh603360,15.5,15.8,15.46,15.66,2301660.0,15.65,0.01,0.0006,2023-05-25
1461,sh603363,9.73,9.9,9.59,9.67,9606935.0,9.76,-0.09,-0.0092,2023-05-25
1462,sh603365,15.01,15.04,14.7,14.93,1421671.0,15.05,-0.12,-0.008,2023-05-25
1463,sh603366,5.82,5.85,5.76,5.85,5924700.0,5.8,0.05,0.0086,2023-05-25
1464,sh603367,15.76,15.87,15.55,15.73,2616886.0,15.88,-0.15,-0.0094,2023-05-25
1465,sh603368,22.92,23.04,22.42,22.62,3385585.0,22.9,-0.28,-0.0122,2023-05-25
1466,sh603369,56.8,57.56,56.34,56.76,3500323.0,57.08,-0.32,-0.0056,2023-05-25
1467,sh603377,7.31,7.41,7.1,7.22,3821399.0,7.31,-0.09,-0.0123,2023-05-25
1468,sh603378,9.31,9.35,9.07,9.19,3024296.0,9.24,-0.05,-0.0054,2023-05-25
1469,sh603379,26.66,26.96,25.55,25.9,5135441.0,26.8,-0.9,-0.0336,2023-05-25
1470,sh603380,22.79,23.06,22.32,22.56,1649800.0,22.75,-0.19,-0.0084,2023-05-25
1471,sh603383,47.78,48.93,47.0,48.04,867646.0,48.2,-0.16,-0.0033,2023-05-25
1472,sh603385,7.91,8.02,7.82,7.91,1034100.0,7.98,-0.07,-0.0088,2023-05-25
1473,sh603386,10.82,11.04,10.74,10.95,2068766.0,10.87,0.08,0.0074,2023-05-25
1474,sh603387,13.45,13.52,13.24,13.39,3525083.0,13.51,-0.12,-0.0089,2023-05-25
1475,sh603388,8.36,8.77,8.33,8.64,8024800.0,8.39,0.25,0.0298,2023-05-25
1476,sh603389,5.23,5.28,5.13,5.26,2008620.0,5.26,0.0,0.0,2023-05-25
1477,sh603390,7.96,8.1,7.92,8.02,3277400.0,8.03,-0.01,-0.0012,2023-05-25
1478,sh603392,97.06,98.0,96.66,97.48,1071015.0,97.8,-0.32,-0.0033,2023-05-25
1479,sh603393,25.84,26.0,25.4,25.83,5560570.0,25.88,-0.05,-0.0019,2023-05-25
1480,sh603396,68.0,72.16,66.7,71.97,8879392.0,68.46,3.51,0.0513,2023-05-25
1481,sh603398,27.2,28.15,27.13,27.74,4189258.0,27.41,0.33,0.012,2023-05-25
1482,sh603399,10.6,10.67,10.46,10.52,5259737.0,10.66,-0.14,-0.0131,2023-05-25
1483,sh603408,10.81,10.88,10.66,10.8,1233100.0,10.83,-0.03,-0.0028,2023-05-25
1484,sh603416,38.5,39.25,38.22,38.74,1299027.0,38.87,-0.13,-0.0033,2023-05-25
1485,sh603421,9.44,9.46,9.15,9.36,2908395.0,9.33,0.03,0.0032,2023-05-25
1486,sh603429,9.05,9.09,8.77,8.88,4283140.0,9.04,-0.16,-0.0177,2023-05-25
1487,sh603439,18.22,18.55,17.93,18.21,9341200.0,18.32,-0.11,-0.006,2023-05-25
1488,sh603444,471.0,493.5,458.13,467.28,1285876.0,470.23,-2.95,-0.0063,2023-05-25
1489,sh603456,31.02,31.27,30.57,30.73,3653792.0,31.22,-0.49,-0.0157,2023-05-25
1490,sh603458,9.87,9.92,9.7,9.91,3748831.0,9.86,0.05,0.0051,2023-05-25
1491,sh603466,13.49,13.87,13.39,13.61,10804596.0,13.61,0.0,0.0,2023-05-25
1492,sh603477,29.15,29.19,27.7,28.14,4777367.0,28.73,-0.59,-0.0205,2023-05-25
1493,sh603486,72.78,73.72,71.0,72.05,3452903.0,73.65,-1.6,-0.0217,2023-05-25
1494,sh603488,7.51,7.6,7.45,7.55,1727680.0,7.5,0.05,0.0067,2023-05-25
1495,sh603489,83.68,84.94,83.33,84.59,393557.0,84.16,0.43,0.0051,2023-05-25
1496,sh603496,17.87,18.29,17.62,18.05,1454800.0,17.93,0.12,0.0067,2023-05-25
1497,sh603499,9.39,9.39,9.14,9.28,1235100.0,9.39,-0.11,-0.0117,2023-05-25
1498,sh603500,12.9,13.13,12.86,13.09,1178580.0,12.99,0.1,0.0077,2023-05-25
1499,sh603501,96.68,97.58,95.0,96.85,5725505.0,95.97,0.88,0.0092,2023-05-25
1500,sh603505,34.0,34.58,33.4,33.78,2844050.0,34.1,-0.32,-0.0094,2023-05-25
1501,sh603506,12.21,12.21,11.93,12.04,1299397.0,12.22,-0.18,-0.0147,2023-05-25
1502,sh603507,37.93,38.64,37.42,38.56,4875980.0,37.97,0.59,0.0155,2023-05-25
1503,sh603508,18.25,18.63,18.1,18.48,2447664.0,18.34,0.14,0.0076,2023-05-25
1504,sh603511,16.76,16.84,16.53,16.84,691000.0,16.87,-0.03,-0.0018,2023-05-25
1505,sh603515,19.68,19.89,19.43,19.84,1580100.0,19.58,0.26,0.0133,2023-05-25
1506,sh603516,23.17,23.56,22.65,23.11,3763444.0,23.29,-0.18,-0.0077,2023-05-25
1507,sh603517,40.5,40.7,39.8,40.25,5185556.0,40.85,-0.6,-0.0147,2023-05-25
1508,sh603518,11.28,11.47,10.84,11.05,9191597.0,11.4,-0.35,-0.0307,2023-05-25
1509,sh603519,13.8,13.89,13.57,13.86,3151020.0,13.92,-0.06,-0.0043,2023-05-25
1510,sh603520,17.0,17.12,16.81,16.81,3891440.0,17.0,-0.19,-0.0112,2023-05-25
1511,sh603527,12.27,12.31,11.98,12.17,2918622.0,12.38,-0.21,-0.017,2023-05-25
1512,sh603528,7.43,7.52,7.23,7.36,5349500.0,7.43,-0.07,-0.0094,2023-05-25
1513,sh603529,36.06,37.5,36.06,36.74,5296243.0,36.3,0.44,0.0121,2023-05-25
1514,sh603530,15.55,15.9,15.42,15.77,5200852.0,15.42,0.35,0.0227,2023-05-25
1515,sh603533,23.09,23.45,21.94,22.37,14870370.0,23.27,-0.9,-0.0387,2023-05-25
1516,sh603535,16.2,16.3,15.93,16.14,718285.0,16.22,-0.08,-0.0049,2023-05-25
1517,sh603536,6.62,6.66,6.48,6.63,4745120.0,6.62,0.01,0.0015,2023-05-25
1518,sh603538,20.67,20.77,20.31,20.47,2228334.0,20.67,-0.2,-0.0097,2023-05-25
1519,sh603551,12.32,12.4,12.18,12.3,1761600.0,12.25,0.05,0.0041,2023-05-25
1520,sh603555,1.67,1.69,1.62,1.62,58185200.0,1.7,-0.08,-0.0471,2023-05-25
1521,sh603556,23.16,23.16,22.6,23.02,3874169.0,23.06,-0.04,-0.0017,2023-05-25
1522,sh603557,2.68,2.68,2.55,2.58,5139800.0,2.68,-0.1,-0.0373,2023-05-25
1523,sh603558,7.91,8.09,7.89,8.09,6177695.0,7.93,0.16,0.0202,2023-05-25
1524,sh603559,6.58,6.68,6.44,6.44,5772100.0,6.78,-0.34,-0.0501,2023-05-25
1525,sh603565,10.53,10.68,10.32,10.41,5112566.0,10.61,-0.2,-0.0189,2023-05-25
1526,sh603566,24.7,24.98,24.42,24.75,2010900.0,24.8,-0.05,-0.002,2023-05-25
1527,sh603567,16.79,16.87,16.34,16.55,4930000.0,16.78,-0.23,-0.0137,2023-05-25
1528,sh603568,18.03,18.32,18.02,18.31,3161051.0,18.15,0.16,0.0088,2023-05-25
1529,sh603569,10.2,10.2,9.6,9.81,14611363.0,10.41,-0.6,-0.0576,2023-05-25
1530,sh603577,9.93,10.12,9.92,10.05,1815934.0,9.97,0.08,0.008,2023-05-25
1531,sh603578,14.29,14.32,13.99,14.21,1786612.0,14.19,0.02,0.0014,2023-05-25
1532,sh603579,20.86,20.92,20.54,20.77,905100.0,20.87,-0.1,-0.0048,2023-05-25
1533,sh603580,13.83,14.1,13.83,14.04,1029772.0,13.92,0.12,0.0086,2023-05-25
1534,sh603583,19.12,19.28,18.81,19.06,2603379.0,19.11,-0.05,-0.0026,2023-05-25
1535,sh603585,15.91,15.96,15.65,15.86,1108240.0,15.91,-0.05,-0.0031,2023-05-25
1536,sh603586,14.93,15.09,14.77,15.09,1382000.0,14.93,0.16,0.0107,2023-05-25
1537,sh603587,16.05,16.37,15.85,16.12,3160960.0,16.01,0.11,0.0069,2023-05-25
1538,sh603588,9.42,9.63,9.4,9.45,5340476.0,9.52,-0.07,-0.0074,2023-05-25
1539,sh603589,57.02,57.29,55.8,56.4,3853311.0,57.24,-0.84,-0.0147,2023-05-25
1540,sh603590,38.1,38.35,36.8,37.67,980410.0,38.02,-0.35,-0.0092,2023-05-25
1541,sh603595,40.95,41.62,39.86,40.86,3125410.0,41.08,-0.22,-0.0054,2023-05-25
1542,sh603596,69.9,71.2,68.72,69.15,3275191.0,69.88,-0.73,-0.0104,2023-05-25
1543,sh603598,10.08,10.19,9.68,9.88,13670051.0,10.17,-0.29,-0.0285,2023-05-25
1544,sh603599,29.05,29.14,28.4,28.7,2642267.0,29.34,-0.64,-0.0218,2023-05-25
1545,sh603600,9.2,9.28,9.11,9.27,1719452.0,9.22,0.05,0.0054,2023-05-25
1546,sh603601,4.3,4.33,4.22,4.26,9272644.0,4.28,-0.02,-0.0047,2023-05-25
1547,sh603602,12.25,12.39,12.03,12.23,3098416.0,12.27,-0.04,-0.0033,2023-05-25
1548,sh603603,2.94,2.98,2.83,2.84,14355460.0,2.98,-0.14,-0.047,2023-05-25
1549,sh603605,172.0,173.84,170.28,173.39,2316520.0,170.73,2.66,0.0156,2023-05-25
1550,sh603606,52.41,54.19,51.83,54.18,12333491.0,53.14,1.04,0.0196,2023-05-25
1551,sh603607,14.14,14.21,13.8,14.06,1692884.0,14.21,-0.15,-0.0106,2023-05-25
1552,sh603608,5.51,5.51,5.51,5.51,5009100.0,5.01,0.5,0.0998,2023-05-25
1553,sh603609,9.58,9.58,9.37,9.5,4810400.0,9.5,0.0,0.0,2023-05-25
1554,sh603610,11.53,11.65,11.45,11.63,1795536.0,11.57,0.06,0.0052,2023-05-25
1555,sh603611,22.64,23.32,22.5,22.99,5426166.0,22.66,0.33,0.0146,2023-05-25
1556,sh603612,19.66,19.67,19.13,19.34,4460062.0,19.53,-0.19,-0.0097,2023-05-25
1557,sh603613,54.1,55.17,52.12,53.04,8876465.0,54.51,-1.47,-0.027,2023-05-25
1558,sh603615,8.58,8.58,8.4,8.51,1523084.0,8.52,-0.01,-0.0012,2023-05-25
1559,sh603616,5.18,5.39,5.16,5.23,7240300.0,5.22,0.01,0.0019,2023-05-25
1560,sh603617,8.29,8.33,8.2,8.3,1740853.0,8.27,0.03,0.0036,2023-05-25
1561,sh603618,6.06,6.67,6.04,6.67,31185870.0,6.06,0.61,0.1007,2023-05-25
1562,sh603619,17.2,17.22,16.82,17.08,3701726.0,17.25,-0.17,-0.0099,2023-05-25
1563,sh603626,6.73,6.78,6.62,6.71,4533128.0,6.73,-0.02,-0.003,2023-05-25
1564,sh603628,15.17,15.65,15.12,15.55,5726110.0,15.31,0.24,0.0157,2023-05-25
1565,sh603629,19.71,19.86,19.1,19.59,3387760.0,19.7,-0.11,-0.0056,2023-05-25
1566,sh603630,15.29,15.38,15.1,15.19,2339340.0,15.3,-0.11,-0.0072,2023-05-25
1567,sh603633,12.46,12.52,12.26,12.43,3676120.0,12.41,0.02,0.0016,2023-05-25
1568,sh603636,14.28,14.47,13.9,14.2,9506464.0,14.28,-0.08,-0.0056,2023-05-25
1569,sh603637,8.24,8.32,8.16,8.27,1756800.0,8.27,0.0,0.0,2023-05-25
1570,sh603638,18.01,18.12,17.73,18.05,1854345.0,18.0,0.05,0.0028,2023-05-25
1571,sh603639,19.9,19.95,19.46,19.66,2645875.0,19.9,-0.24,-0.0121,2023-05-25
1572,sh603648,9.1,9.13,8.96,9.08,2902900.0,9.13,-0.05,-0.0055,2023-05-25
1573,sh603650,36.4,36.89,35.7,36.55,7843361.0,36.76,-0.21,-0.0057,2023-05-25
1574,sh603655,26.84,27.16,26.5,27.16,559100.0,26.72,0.44,0.0165,2023-05-25
1575,sh603656,13.55,13.9,13.39,13.61,4496296.0,13.72,-0.11,-0.008,2023-05-25
1576,sh603657,15.97,15.97,15.48,15.8,1012300.0,15.9,-0.1,-0.0063,2023-05-25
1577,sh603658,56.47,56.55,55.4,55.95,2007786.0,56.7,-0.75,-0.0132,2023-05-25
1578,sh603659,38.0,38.25,37.43,37.96,9096609.0,38.25,-0.29,-0.0076,2023-05-25
1579,sh603660,7.26,7.42,7.02,7.13,15370997.0,7.25,-0.12,-0.0166,2023-05-25
1580,sh603661,34.82,34.82,34.05,34.54,358040.0,34.63,-0.09,-0.0026,2023-05-25
1581,sh603662,26.13,29.24,25.46,26.2,58278108.0,26.58,-0.38,-0.0143,2023-05-25
1582,sh603663,14.43,14.52,14.22,14.37,2167376.0,14.48,-0.11,-0.0076,2023-05-25
1583,sh603665,27.97,28.25,27.35,27.64,625296.0,27.97,-0.33,-0.0118,2023-05-25
1584,sh603666,40.35,41.0,39.91,40.5,2492400.0,40.48,0.02,0.0005,2023-05-25
1585,sh603667,12.12,12.27,11.94,12.17,3766001.0,12.01,0.16,0.0133,2023-05-25
1586,sh603668,16.28,16.44,16.2,16.39,2546266.0,16.35,0.04,0.0024,2023-05-25
1587,sh603669,5.0,5.03,4.92,4.97,2217140.0,5.03,-0.06,-0.0119,2023-05-25
1588,sh603676,15.54,15.57,14.84,15.01,3896600.0,15.62,-0.61,-0.0391,2023-05-25
1589,sh603677,12.92,12.95,12.58,12.83,1496760.0,12.88,-0.05,-0.0039,2023-05-25
1590,sh603678,35.8,36.08,35.14,35.59,1889829.0,35.77,-0.18,-0.005,2023-05-25
1591,sh603679,13.03,13.2,12.78,13.07,3823238.0,13.05,0.02,0.0015,2023-05-25
1592,sh603680,9.34,9.42,9.19,9.32,1398440.0,9.32,0.0,0.0,2023-05-25
1593,sh603681,15.82,15.93,15.62,15.75,1892510.0,15.84,-0.09,-0.0057,2023-05-25
1594,sh603682,5.33,5.33,5.21,5.28,2697700.0,5.31,-0.03,-0.0056,2023-05-25
1595,sh603683,11.97,11.97,10.56,11.0,27350264.0,10.99,0.01,0.0009,2023-05-25
1596,sh603685,13.22,13.55,12.8,13.3,8342949.0,13.6,-0.3,-0.0221,2023-05-25
1597,sh603686,10.2,10.26,10.0,10.13,8799460.0,10.25,-0.12,-0.0117,2023-05-25
1598,sh603687,8.48,8.56,8.33,8.53,3105500.0,8.47,0.06,0.0071,2023-05-25
1599,sh603688,111.18,119.0,110.05,116.4,12060022.0,111.5,4.9,0.0439,2023-05-25
1600,sh603689,8.51,8.83,8.51,8.74,5443490.0,8.55,0.19,0.0222,2023-05-25
1601,sh603690,41.06,41.4,40.2,40.92,7202608.0,41.36,-0.44,-0.0106,2023-05-25
1602,sh603693,13.45,14.9,13.41,14.49,29096913.0,13.55,0.94,0.0694,2023-05-25
1603,sh603696,9.37,9.49,9.31,9.47,2843700.0,9.39,0.08,0.0085,2023-05-25
1604,sh603697,9.18,9.27,8.98,9.07,2850495.0,9.23,-0.16,-0.0173,2023-05-25
1605,sh603698,14.88,15.03,14.65,14.9,2452099.0,14.94,-0.04,-0.0027,2023-05-25
1606,sh603699,14.32,14.4,14.05,14.39,3604500.0,14.35,0.04,0.0028,2023-05-25
1607,sh603700,14.38,14.63,14.32,14.56,2481250.0,14.36,0.2,0.0139,2023-05-25
1608,sh603701,13.15,13.26,13.06,13.19,3090000.0,13.15,0.04,0.003,2023-05-25
1609,sh603703,14.37,14.37,14.11,14.29,1200500.0,14.29,0.0,0.0,2023-05-25
1610,sh603706,15.3,15.75,15.28,15.73,2313600.0,15.25,0.48,0.0315,2023-05-25
1611,sh603707,14.1,14.25,13.9,14.04,4165867.0,14.13,-0.09,-0.0064,2023-05-25
1612,sh603708,12.84,12.9,12.52,12.68,5281037.0,12.84,-0.16,-0.0125,2023-05-25
1613,sh603709,16.83,17.13,16.65,17.11,570400.0,16.99,0.12,0.0071,2023-05-25
1614,sh603711,21.31,21.31,20.27,20.68,2597608.0,21.33,-0.65,-0.0305,2023-05-25
1615,sh603712,29.67,30.34,29.57,30.24,5087568.0,29.72,0.52,0.0175,2023-05-25
1616,sh603713,95.82,96.39,94.58,95.37,400652.0,95.82,-0.45,-0.0047,2023-05-25
1617,sh603716,9.7,9.71,9.5,9.6,1993358.0,9.72,-0.12,-0.0123,2023-05-25
1618,sh603717,6.75,6.79,6.6,6.72,7381029.0,6.78,-0.06,-0.0088,2023-05-25
1619,sh603718,10.11,10.14,9.88,9.96,2891986.0,10.11,-0.15,-0.0148,2023-05-25
1620,sh603719,29.9,30.18,29.32,29.6,1542100.0,30.05,-0.45,-0.015,2023-05-25
1621,sh603721,15.43,15.59,14.94,15.02,6645830.0,15.58,-0.56,-0.0359,2023-05-25
1622,sh603722,53.1,53.65,51.4,52.6,1606748.0,53.33,-0.73,-0.0137,2023-05-25
1623,sh603725,7.69,7.89,7.64,7.85,3277100.0,7.74,0.11,0.0142,2023-05-25
1624,sh603726,12.84,12.98,12.78,12.91,844980.0,12.84,0.07,0.0055,2023-05-25
1625,sh603727,11.22,11.3,11.07,11.27,2327105.0,11.21,0.06,0.0054,2023-05-25
1626,sh603728,49.81,52.0,48.65,49.0,12236213.0,50.02,-1.02,-0.0204,2023-05-25
1627,sh603729,14.27,14.41,14.11,14.41,1767600.0,14.27,0.14,0.0098,2023-05-25
1628,sh603730,17.92,18.15,17.71,18.0,1154508.0,17.93,0.07,0.0039,2023-05-25
1629,sh603733,24.55,24.7,23.75,24.06,3121631.0,24.5,-0.44,-0.018,2023-05-25
1630,sh603737,95.73,95.89,93.3,93.99,1208654.0,95.84,-1.85,-0.0193,2023-05-25
1631,sh603738,21.61,22.29,21.43,21.85,7221368.0,21.6,0.25,0.0116,2023-05-25
1632,sh603739,13.24,13.24,13.01,13.18,494200.0,13.24,-0.06,-0.0045,2023-05-25
1633,sh603755,33.09,33.4,32.46,32.74,816132.0,33.25,-0.51,-0.0153,2023-05-25
1634,sh603757,30.28,30.28,29.29,29.68,1502025.0,30.0,-0.32,-0.0107,2023-05-25
1635,sh603758,9.23,9.5,9.23,9.38,2013904.0,9.4,-0.02,-0.0021,2023-05-25
1636,sh603759,9.17,9.19,9.04,9.18,1270120.0,9.18,0.0,0.0,2023-05-25
1637,sh603766,4.56,4.62,4.54,4.6,7692609.0,4.56,0.04,0.0088,2023-05-25
1638,sh603767,7.15,7.17,7.04,7.13,1623300.0,7.13,0.0,0.0,2023-05-25
1639,sh603768,15.25,15.36,15.09,15.26,1264345.0,15.19,0.07,0.0046,2023-05-25
1640,sh603773,26.16,28.12,26.16,28.1,18185384.0,26.15,1.95,0.0746,2023-05-25
1641,sh603776,15.14,15.38,14.78,15.25,4088834.0,15.14,0.11,0.0073,2023-05-25
1642,sh603777,15.0,15.1,14.66,14.91,2420700.0,15.05,-0.14,-0.0093,2023-05-25
1643,sh603778,5.68,6.28,5.67,6.07,49112100.0,5.71,0.36,0.063,2023-05-25
1644,sh603779,6.85,6.86,6.61,6.75,6713092.0,6.9,-0.15,-0.0217,2023-05-25
1645,sh603786,54.41,55.41,54.11,54.74,618974.0,54.68,0.06,0.0011,2023-05-25
1646,sh603787,17.2,17.48,17.11,17.48,738800.0,17.36,0.12,0.0069,2023-05-25
1647,sh603788,11.41,11.43,11.23,11.39,991200.0,11.36,0.03,0.0026,2023-05-25
1648,sh603789,8.79,8.87,8.68,8.76,2444200.0,8.8,-0.04,-0.0045,2023-05-25
1649,sh603790,14.85,14.85,14.06,14.19,10808271.0,15.25,-1.06,-0.0695,2023-05-25
1650,sh603797,5.78,5.78,5.67,5.74,3187460.0,5.76,-0.02,-0.0035,2023-05-25
1651,sh603798,11.9,12.01,11.66,11.93,2787700.0,12.0,-0.07,-0.0058,2023-05-25
1652,sh603799,49.12,49.12,48.3,48.67,11363126.0,49.2,-0.53,-0.0108,2023-05-25
1653,sh603800,23.45,25.65,23.23,25.65,3935648.0,23.32,2.33,0.0999,2023-05-25
1654,sh603801,30.34,30.51,28.45,28.94,8036950.0,30.58,-1.64,-0.0536,2023-05-25
1655,sh603803,7.26,7.54,7.2,7.37,8947429.0,7.25,0.12,0.0166,2023-05-25
1656,sh603806,48.57,50.29,48.57,48.9,15972233.0,49.01,-0.11,-0.0022,2023-05-25
1657,sh603808,12.88,12.94,12.57,12.66,3051500.0,12.84,-0.18,-0.014,2023-05-25
1658,sh603809,9.3,9.36,9.12,9.25,3341598.0,9.35,-0.1,-0.0107,2023-05-25
1659,sh603810,14.35,14.43,14.14,14.27,851200.0,14.35,-0.08,-0.0056,2023-05-25
1660,sh603811,18.01,18.29,17.84,18.02,1478640.0,18.2,-0.18,-0.0099,2023-05-25
1661,sh603813,14.41,14.41,14.02,14.31,636000.0,14.4,-0.09,-0.0062,2023-05-25
1662,sh603815,7.13,7.2,7.1,7.18,4281000.0,7.15,0.03,0.0042,2023-05-25
1663,sh603816,36.18,36.38,35.61,36.26,4383422.0,36.18,0.08,0.0022,2023-05-25
1664,sh603817,6.12,6.24,6.07,6.24,5600500.0,6.12,0.12,0.0196,2023-05-25
1665,sh603818,5.75,5.76,5.64,5.71,4948800.0,5.76,-0.05,-0.0087,2023-05-25
1666,sh603819,15.2,15.35,15.0,15.27,1228512.0,15.3,-0.03,-0.002,2023-05-25
1667,sh603822,31.73,32.2,31.42,31.9,451700.0,31.6,0.3,0.0095,2023-05-25
1668,sh603823,15.53,15.64,15.19,15.36,939613.0,15.5,-0.14,-0.009,2023-05-25
1669,sh603825,13.38,13.48,12.96,13.23,8160980.0,13.38,-0.15,-0.0112,2023-05-25
1670,sh603826,57.0,57.5,54.98,55.99,1313201.0,56.98,-0.99,-0.0174,2023-05-25
1671,sh603828,2.98,3.03,2.97,3.03,5180881.0,2.98,0.05,0.0168,2023-05-25
1672,sh603829,13.38,13.65,13.25,13.53,2059600.0,13.39,0.14,0.0105,2023-05-25
1673,sh603833,100.26,100.98,99.0,100.0,1423740.0,100.1,-0.1,-0.001,2023-05-25
1674,sh603836,15.71,15.72,15.51,15.66,745600.0,15.69,-0.03,-0.0019,2023-05-25
1675,sh603838,5.7,5.7,5.57,5.68,1274300.0,5.66,0.02,0.0035,2023-05-25
1676,sh603839,7.74,8.11,7.74,7.95,8865184.0,7.72,0.23,0.0298,2023-05-25
1677,sh603843,3.86,3.91,3.81,3.87,7169300.0,3.87,0.0,0.0,2023-05-25
1678,sh603848,14.5,14.64,14.28,14.51,1032100.0,14.48,0.03,0.0021,2023-05-25
1679,sh603855,28.17,28.46,27.75,28.0,815400.0,28.22,-0.22,-0.0078,2023-05-25
1680,sh603856,12.31,12.41,12.13,12.38,1320100.0,12.3,0.08,0.0065,2023-05-25
1681,sh603858,21.2,21.32,20.85,21.13,6849982.0,21.26,-0.13,-0.0061,2023-05-25
1682,sh603859,43.0,43.98,42.47,43.53,1134350.0,43.34,0.19,0.0044,2023-05-25
1683,sh603860,27.4,27.87,27.28,27.61,1498700.0,27.59,0.02,0.0007,2023-05-25
1684,sh603861,8.87,9.34,8.78,9.2,7236100.0,8.88,0.32,0.036,2023-05-25
1685,sh603863,17.58,17.72,17.0,17.21,2165100.0,17.62,-0.41,-0.0233,2023-05-25
1686,sh603866,10.78,10.85,10.58,10.7,6154693.0,10.85,-0.15,-0.0138,2023-05-25
1687,sh603867,35.46,36.17,35.0,35.62,2660340.0,35.42,0.2,0.0056,2023-05-25
1688,sh603868,70.0,70.87,68.83,69.97,631364.0,70.45,-0.48,-0.0068,2023-05-25
1689,sh603869,9.34,9.47,9.0,9.18,4667950.0,9.33,-0.15,-0.0161,2023-05-25
1690,sh603871,22.1,22.54,21.7,22.0,4589041.0,22.24,-0.24,-0.0108,2023-05-25
1691,sh603876,33.5,34.3,33.32,33.86,5292704.0,33.48,0.38,0.0114,2023-05-25
1692,sh603877,24.01,24.53,23.9,24.27,3301661.0,24.06,0.21,0.0087,2023-05-25
1693,sh603878,8.36,8.41,8.24,8.35,4755771.0,8.36,-0.01,-0.0012,2023-05-25
1694,sh603879,6.15,6.15,5.88,5.92,3512183.0,6.13,-0.21,-0.0343,2023-05-25
1695,sh603880,4.31,4.31,4.17,4.24,3761050.0,4.33,-0.09,-0.0208,2023-05-25
1696,sh603881,31.12,31.87,30.51,31.15,6184562.0,31.1,0.05,0.0016,2023-05-25
1697,sh603882,73.0,73.6,72.2,72.79,1704153.0,73.31,-0.52,-0.0071,2023-05-25
1698,sh603883,33.0,33.11,32.14,32.56,2894255.0,32.89,-0.33,-0.01,2023-05-25
1699,sh603885,15.65,15.8,15.42,15.67,11515553.0,15.77,-0.1,-0.0063,2023-05-25
1700,sh603886,20.13,20.21,19.4,19.75,2204381.0,20.26,-0.51,-0.0252,2023-05-25
1701,sh603887,7.24,7.27,7.07,7.16,4760982.0,7.22,-0.06,-0.0083,2023-05-25
1702,sh603888,26.5,26.89,25.41,26.14,13252589.0,26.7,-0.56,-0.021,2023-05-25
1703,sh603889,8.85,8.97,8.65,8.82,4765590.0,8.91,-0.09,-0.0101,2023-05-25
1704,sh603890,8.35,8.63,8.22,8.52,13000626.0,8.22,0.3,0.0365,2023-05-25
1705,sh603893,80.39,82.67,79.3,81.08,3105717.0,80.79,0.29,0.0036,2023-05-25
1706,sh603895,26.57,26.62,25.55,26.0,1165160.0,26.72,-0.72,-0.0269,2023-05-25
1707,sh603896,43.84,44.26,43.15,43.45,2040587.0,44.1,-0.65,-0.0147,2023-05-25
1708,sh603897,19.25,19.44,19.11,19.38,1740314.0,19.2,0.18,0.0094,2023-05-25
1709,sh603898,10.37,10.38,10.15,10.35,845500.0,10.37,-0.02,-0.0019,2023-05-25
1710,sh603899,44.45,44.81,43.81,44.51,2418894.0,44.67,-0.16,-0.0036,2023-05-25
1711,sh603900,6.46,6.49,6.34,6.43,1743060.0,6.47,-0.04,-0.0062,2023-05-25
1712,sh603901,14.52,14.6,14.3,14.52,2043768.0,14.56,-0.04,-0.0027,2023-05-25
1713,sh603903,9.21,9.25,9.07,9.18,1457760.0,9.17,0.01,0.0011,2023-05-25
1714,sh603906,19.84,20.58,19.51,19.94,15869968.0,19.12,0.82,0.0429,2023-05-25
1715,sh603908,47.79,48.52,47.2,48.17,852500.0,48.15,0.02,0.0004,2023-05-25
1716,sh603909,11.45,11.56,11.25,11.47,861730.0,11.48,-0.01,-0.0009,2023-05-25
1717,sh603912,13.83,14.09,13.38,13.72,9914792.0,13.76,-0.04,-0.0029,2023-05-25
1718,sh603915,18.63,19.07,18.47,18.73,3858874.0,18.67,0.06,0.0032,2023-05-25
1719,sh603916,14.85,14.88,14.4,14.49,2100724.0,14.83,-0.34,-0.0229,2023-05-25
1720,sh603917,21.1,21.55,21.01,21.34,2037000.0,21.24,0.1,0.0047,2023-05-25
1721,sh603918,20.36,22.57,19.92,22.57,75269254.0,20.52,2.05,0.0999,2023-05-25
1722,sh603919,24.87,24.94,24.5,24.63,3152946.0,24.96,-0.33,-0.0132,2023-05-25
1723,sh603920,16.95,17.97,16.91,17.41,17350167.0,16.99,0.42,0.0247,2023-05-25
1724,sh603922,23.81,24.08,23.65,23.91,539500.0,23.94,-0.03,-0.0013,2023-05-25
1725,sh603926,9.41,9.53,9.33,9.46,620919.0,9.47,-0.01,-0.0011,2023-05-25
1726,sh603927,35.9,36.21,34.79,35.46,5715551.0,35.83,-0.37,-0.0103,2023-05-25
1727,sh603928,11.59,11.69,11.43,11.58,681700.0,11.63,-0.05,-0.0043,2023-05-25
1728,sh603929,15.15,15.31,14.98,15.3,2212700.0,15.18,0.12,0.0079,2023-05-25
1729,sh603931,33.83,33.83,32.56,33.24,5791782.0,33.64,-0.4,-0.0119,2023-05-25
1730,sh603933,19.61,19.61,19.61,19.61,4648772.0,17.83,1.78,0.0998,2023-05-25
1731,sh603936,11.7,11.97,11.53,11.69,8446394.0,11.67,0.02,0.0017,2023-05-25
1732,sh603937,11.39,11.51,11.3,11.46,1194700.0,11.47,-0.01,-0.0009,2023-05-25
1733,sh603938,20.65,20.65,19.84,20.06,2919364.0,20.59,-0.53,-0.0257,2023-05-25
1734,sh603939,50.18,50.92,49.8,50.79,3641506.0,50.21,0.58,0.0116,2023-05-25
1735,sh603948,23.33,23.46,23.1,23.23,620808.0,23.48,-0.25,-0.0106,2023-05-25
1736,sh603949,14.96,14.99,14.73,14.92,813000.0,14.95,-0.03,-0.002,2023-05-25
1737,sh603950,14.77,14.78,14.48,14.74,1172360.0,14.62,0.12,0.0082,2023-05-25
1738,sh603955,16.1,16.13,15.77,16.06,754075.0,16.03,0.03,0.0019,2023-05-25
1739,sh603956,8.1,8.94,8.1,8.6,20169418.0,8.13,0.47,0.0578,2023-05-25
1740,sh603958,7.47,7.58,7.35,7.52,2834900.0,7.58,-0.06,-0.0079,2023-05-25
1741,sh603959,9.88,10.22,9.88,10.19,6744670.0,9.97,0.22,0.0221,2023-05-25
1742,sh603960,17.98,18.15,17.78,17.99,1749122.0,17.99,0.0,0.0,2023-05-25
1743,sh603963,11.34,11.39,11.11,11.21,2282760.0,11.34,-0.13,-0.0115,2023-05-25
1744,sh603966,13.43,13.49,13.14,13.37,1775184.0,13.37,0.0,0.0,2023-05-25
1745,sh603967,9.34,9.34,9.12,9.18,2118420.0,9.32,-0.14,-0.015,2023-05-25
1746,sh603968,17.61,17.77,17.49,17.69,562406.0,17.69,0.0,0.0,2023-05-25
1747,sh603969,4.71,4.74,4.67,4.71,6104211.0,4.68,0.03,0.0064,2023-05-25
1748,sh603970,27.56,27.77,26.96,27.28,1397410.0,27.54,-0.26,-0.0094,2023-05-25
1749,sh603976,19.59,19.63,19.29,19.49,350400.0,19.62,-0.13,-0.0066,2023-05-25
1750,sh603977,9.28,9.3,9.08,9.2,3936968.0,9.27,-0.07,-0.0076,2023-05-25
1751,sh603978,17.75,17.8,17.43,17.58,674564.0,17.75,-0.17,-0.0096,2023-05-25
1752,sh603979,30.18,30.35,29.59,29.82,2370188.0,30.18,-0.36,-0.0119,2023-05-25
1753,sh603980,4.53,4.6,4.47,4.51,3085600.0,4.55,-0.04,-0.0088,2023-05-25
1754,sh603982,16.2,16.47,16.06,16.26,2528900.0,16.31,-0.05,-0.0031,2023-05-25
1755,sh603983,36.32,36.43,35.4,35.88,999914.0,36.22,-0.34,-0.0094,2023-05-25
1756,sh603985,21.11,21.91,21.03,21.7,7355670.0,21.27,0.43,0.0202,2023-05-25
1757,sh603986,108.99,111.35,107.69,110.8,14003687.0,108.38,2.42,0.0223,2023-05-25
1758,sh603987,14.34,14.36,14.08,14.19,2030000.0,14.38,-0.19,-0.0132,2023-05-25
1759,sh603988,9.82,9.89,9.71,9.85,1419224.0,9.81,0.04,0.0041,2023-05-25
1760,sh603989,22.17,22.33,21.91,22.18,1221797.0,22.13,0.05,0.0023,2023-05-25
1761,sh603990,19.28,19.51,18.9,19.46,8768109.0,19.28,0.18,0.0093,2023-05-25
1762,sh603991,38.67,39.28,38.01,39.07,672300.0,38.25,0.82,0.0214,2023-05-25
1763,sh603992,15.44,15.44,14.97,15.25,1868100.0,15.25,0.0,0.0,2023-05-25
1764,sh603993,5.2,5.22,5.1,5.16,81432801.0,5.25,-0.09,-0.0171,2023-05-25
1765,sh603995,25.08,25.26,24.75,24.91,1404849.0,25.08,-0.17,-0.0068,2023-05-25
1766,sh603997,13.36,13.9,13.36,13.6,8100432.0,13.56,0.04,0.0029,2023-05-25
1767,sh603998,13.34,13.64,13.24,13.46,5194100.0,13.41,0.05,0.0037,2023-05-25
1768,sh603999,6.53,6.65,6.31,6.42,12017400.0,6.6,-0.18,-0.0273,2023-05-25
1769,sh605001,6.75,6.81,6.67,6.8,1436970.0,6.75,0.05,0.0074,2023-05-25
1770,sh605003,19.08,19.43,19.0,19.42,524600.0,19.28,0.14,0.0073,2023-05-25
1771,sh605005,15.08,15.52,15.08,15.41,908500.0,15.56,-0.15,-0.0096,2023-05-25
1772,sh605006,7.86,7.9,7.79,7.83,1550040.0,7.86,-0.03,-0.0038,2023-05-25
1773,sh605007,15.27,15.36,14.95,15.13,2117940.0,15.27,-0.14,-0.0092,2023-05-25
1774,sh605008,14.59,14.68,14.35,14.49,888900.0,14.46,0.03,0.0021,2023-05-25
1775,sh605009,49.95,50.46,49.4,50.28,788547.0,50.25,0.03,0.0006,2023-05-25
1776,sh605011,35.0,37.41,35.0,37.41,11746789.0,34.01,3.4,0.1,2023-05-25
1777,sh605016,28.15,28.43,27.4,27.91,768140.0,27.93,-0.02,-0.0007,2023-05-25
1778,sh605018,10.22,10.27,10.11,10.21,1041600.0,10.23,-0.02,-0.002,2023-05-25
1779,sh605020,39.93,40.15,38.44,38.65,1894900.0,39.94,-1.29,-0.0323,2023-05-25
1780,sh605028,18.39,20.5,18.26,20.5,7954992.0,18.64,1.86,0.0998,2023-05-25
1781,sh605033,17.91,18.03,17.66,17.95,449607.0,18.0,-0.05,-0.0028,2023-05-25
1782,sh605050,12.69,12.78,12.46,12.63,1429085.0,12.69,-0.06,-0.0047,2023-05-25
1783,sh605055,5.78,5.84,5.74,5.84,1701800.0,5.79,0.05,0.0086,2023-05-25
1784,sh605056,13.32,13.49,13.22,13.37,1296880.0,13.43,-0.06,-0.0045,2023-05-25
1785,sh605058,21.14,21.47,20.81,21.18,936900.0,21.1,0.08,0.0038,2023-05-25
1786,sh605060,26.43,26.92,26.36,26.79,644200.0,26.52,0.27,0.0102,2023-05-25
1787,sh605066,9.08,9.21,9.02,9.17,4991100.0,9.03,0.14,0.0155,2023-05-25
1788,sh605068,21.77,21.95,21.44,21.69,558173.0,21.86,-0.17,-0.0078,2023-05-25
1789,sh605069,9.27,9.36,9.19,9.36,895040.0,9.28,0.08,0.0086,2023-05-25
1790,sh605077,26.29,26.7,26.1,26.47,1527901.0,26.35,0.12,0.0046,2023-05-25
1791,sh605080,43.22,43.65,42.55,42.97,152512.0,43.22,-0.25,-0.0058,2023-05-25
1792,sh605081,16.56,16.6,16.3,16.53,918134.0,16.54,-0.01,-0.0006,2023-05-25
1793,sh605086,19.75,20.08,19.61,20.05,864508.0,19.81,0.24,0.0121,2023-05-25
1794,sh605088,16.26,16.46,16.08,16.3,1425800.0,16.37,-0.07,-0.0043,2023-05-25
1795,sh605089,62.52,63.48,62.08,62.67,394834.0,62.75,-0.08,-0.0013,2023-05-25
1796,sh605090,22.32,23.18,22.2,22.8,5350840.0,22.43,0.37,0.0165,2023-05-25
1797,sh605098,37.11,38.93,36.12,37.81,2709709.0,37.92,-0.11,-0.0029,2023-05-25
1798,sh605099,22.08,22.14,21.77,21.98,508390.0,22.08,-0.1,-0.0045,2023-05-25
1799,sh605100,15.44,15.78,15.4,15.58,1667464.0,15.43,0.15,0.0097,2023-05-25
1800,sh605108,33.45,33.67,32.51,32.82,1443320.0,33.53,-0.71,-0.0212,2023-05-25
1801,sh605111,45.32,46.6,45.32,46.43,6718577.0,45.49,0.94,0.0207,2023-05-25
1802,sh605116,26.4,26.69,26.0,26.23,748300.0,26.53,-0.3,-0.0113,2023-05-25
1803,sh605117,143.48,155.48,141.92,151.86,6984987.0,144.4,7.46,0.0517,2023-05-25
1804,sh605118,16.15,16.15,14.81,15.42,11678124.0,16.27,-0.85,-0.0522,2023-05-25
1805,sh605122,15.26,15.33,14.92,15.12,701458.0,15.33,-0.21,-0.0137,2023-05-25
1806,sh605123,105.96,108.3,105.04,106.12,787587.0,105.85,0.27,0.0026,2023-05-25
1807,sh605128,36.88,37.02,36.1,36.63,780840.0,36.44,0.19,0.0052,2023-05-25
1808,sh605133,30.46,32.59,30.11,31.89,6912945.0,30.54,1.35,0.0442,2023-05-25
1809,sh605136,13.49,13.65,12.68,12.94,10272662.0,13.65,-0.71,-0.052,2023-05-25
1810,sh605138,8.83,8.9,8.7,8.89,1927894.0,8.85,0.04,0.0045,2023-05-25
1811,sh605151,17.88,18.03,17.59,17.81,646000.0,17.84,-0.03,-0.0017,2023-05-25
1812,sh605155,14.22,14.37,14.11,14.37,786200.0,14.23,0.14,0.0098,2023-05-25
1813,sh605158,7.37,7.45,7.28,7.38,2780900.0,7.4,-0.02,-0.0027,2023-05-25
1814,sh605162,10.49,11.45,10.41,11.45,41947842.0,10.41,1.04,0.0999,2023-05-25
1815,sh605166,9.96,10.04,9.8,9.93,2146300.0,9.95,-0.02,-0.002,2023-05-25
1816,sh605167,9.22,9.45,9.21,9.41,3387000.0,9.25,0.16,0.0173,2023-05-25
1817,sh605168,124.16,126.98,121.7,123.7,1568228.0,125.2,-1.5,-0.012,2023-05-25
1818,sh605169,10.31,11.28,10.29,10.8,6888161.0,10.31,0.49,0.0475,2023-05-25
1819,sh605177,24.83,25.0,24.23,24.45,2377000.0,24.8,-0.35,-0.0141,2023-05-25
1820,sh605178,20.58,20.83,20.3,20.61,383900.0,20.76,-0.15,-0.0072,2023-05-25
1821,sh605179,10.85,11.07,10.78,10.89,1391100.0,10.98,-0.09,-0.0082,2023-05-25
1822,sh605180,16.15,16.15,15.89,16.04,455490.0,15.93,0.11,0.0069,2023-05-25
1823,sh605183,18.17,18.17,17.62,17.88,1776800.0,18.01,-0.13,-0.0072,2023-05-25
1824,sh605186,41.06,42.13,39.68,40.3,3202400.0,41.46,-1.16,-0.028,2023-05-25
1825,sh605188,7.62,7.65,7.49,7.6,2078200.0,7.6,0.0,0.0,2023-05-25
1826,sh605189,16.78,16.88,16.4,16.82,856920.0,16.53,0.29,0.0175,2023-05-25
1827,sh605196,7.19,7.29,7.17,7.27,6770600.0,7.19,0.08,0.0111,2023-05-25
1828,sh605198,17.95,17.95,17.42,17.59,687600.0,17.76,-0.17,-0.0096,2023-05-25
1829,sh605199,16.1,16.22,15.85,15.95,2815988.0,16.19,-0.24,-0.0148,2023-05-25
1830,sh605208,9.32,9.47,9.24,9.35,2411589.0,9.35,0.0,0.0,2023-05-25
1831,sh605218,14.08,14.34,13.98,14.25,1732900.0,14.08,0.17,0.0121,2023-05-25
1832,sh605222,21.13,22.12,21.13,21.94,3839200.0,21.54,0.4,0.0186,2023-05-25
1833,sh605228,8.53,8.69,8.47,8.6,1590136.0,8.53,0.07,0.0082,2023-05-25
1834,sh605255,14.89,15.08,14.81,15.05,961900.0,14.85,0.2,0.0135,2023-05-25
1835,sh605258,25.12,25.25,24.6,25.04,870200.0,24.92,0.12,0.0048,2023-05-25
1836,sh605259,37.43,37.72,37.04,37.67,467800.0,37.5,0.17,0.0045,2023-05-25
1837,sh605266,78.78,78.84,77.23,78.36,355534.0,78.41,-0.05,-0.0006,2023-05-25
1838,sh605268,9.57,9.63,9.45,9.56,1149200.0,9.58,-0.02,-0.0021,2023-05-25
1839,sh605277,17.1,17.68,17.1,17.48,2187503.0,17.25,0.23,0.0133,2023-05-25
1840,sh605286,31.44,32.74,31.16,32.02,3869616.0,31.64,0.38,0.012,2023-05-25
1841,sh605287,24.79,24.89,24.48,24.71,573400.0,24.76,-0.05,-0.002,2023-05-25
1842,sh605288,41.17,41.57,40.7,41.1,693940.0,41.13,-0.03,-0.0007,2023-05-25
1843,sh605289,27.61,28.26,27.55,28.19,1329300.0,27.68,0.51,0.0184,2023-05-25
1844,sh605296,23.68,23.87,23.14,23.4,917117.0,23.66,-0.26,-0.011,2023-05-25
1845,sh605298,14.3,14.46,14.18,14.45,685160.0,14.26,0.19,0.0133,2023-05-25
1846,sh605299,13.45,13.66,13.3,13.48,6661006.0,13.49,-0.01,-0.0007,2023-05-25
1847,sh605300,21.1,21.12,20.46,20.76,1428598.0,21.14,-0.38,-0.018,2023-05-25
1848,sh605303,10.96,11.45,10.96,11.22,1196100.0,11.05,0.17,0.0154,2023-05-25
1849,sh605305,37.0,38.19,36.94,37.68,2949731.0,37.27,0.41,0.011,2023-05-25
1850,sh605318,13.47,13.86,13.41,13.84,1254400.0,13.59,0.25,0.0184,2023-05-25
1851,sh605319,14.91,14.91,14.53,14.8,1009097.0,14.78,0.02,0.0014,2023-05-25
1852,sh605333,15.4,15.52,15.17,15.38,1499700.0,15.4,-0.02,-0.0013,2023-05-25
1853,sh605336,16.73,16.74,16.48,16.71,914490.0,16.73,-0.02,-0.0012,2023-05-25
1854,sh605337,24.8,24.99,24.28,24.94,2849585.0,24.8,0.14,0.0056,2023-05-25
1855,sh605338,25.66,25.99,25.44,25.76,1098840.0,25.77,-0.01,-0.0004,2023-05-25
1856,sh605339,21.87,21.9,21.39,21.55,1003800.0,21.88,-0.33,-0.0151,2023-05-25
1857,sh605358,40.44,41.09,39.9,40.81,8547381.0,40.59,0.22,0.0054,2023-05-25
1858,sh605365,15.45,15.5,15.2,15.37,1183900.0,15.46,-0.09,-0.0058,2023-05-25
1859,sh605366,13.0,13.15,12.95,13.1,1549790.0,13.1,0.0,0.0,2023-05-25
1860,sh605368,9.5,9.73,9.49,9.65,6344405.0,9.52,0.13,0.0137,2023-05-25
1861,sh605369,58.31,59.0,57.57,58.3,570733.0,58.32,-0.02,-0.0003,2023-05-25
1862,sh605376,34.26,34.26,33.2,33.51,1589200.0,33.9,-0.39,-0.0115,2023-05-25
1863,sh605377,20.63,20.73,20.13,20.72,2812500.0,20.63,0.09,0.0044,2023-05-25
1864,sh605378,22.75,22.94,22.62,22.89,644400.0,22.73,0.16,0.007,2023-05-25
1865,sh605388,13.35,13.4,13.15,13.24,1940064.0,13.31,-0.07,-0.0053,2023-05-25
1866,sh605389,26.4,26.67,26.14,26.48,529900.0,26.4,0.08,0.003,2023-05-25
1867,sh605398,34.34,35.07,33.65,34.18,731100.0,34.46,-0.28,-0.0081,2023-05-25
1868,sh605399,26.91,27.06,26.61,26.82,1070972.0,26.96,-0.14,-0.0052,2023-05-25
1869,sh605488,15.27,15.4,15.13,15.25,554099.0,15.28,-0.03,-0.002,2023-05-25
1870,sh605499,173.92,174.34,171.0,173.14,424663.0,174.79,-1.65,-0.0094,2023-05-25
1871,sh605500,10.4,10.55,10.33,10.51,560312.0,10.47,0.04,0.0038,2023-05-25
1872,sh605507,22.5,22.67,22.26,22.38,997308.0,22.54,-0.16,-0.0071,2023-05-25
1873,sh605555,20.4,20.58,20.23,20.52,887220.0,20.48,0.04,0.002,2023-05-25
1874,sh605566,22.43,22.9,22.36,22.71,331100.0,22.66,0.05,0.0022,2023-05-25
1875,sh605567,13.62,13.7,13.45,13.61,1515329.0,13.7,-0.09,-0.0066,2023-05-25
1876,sh605577,11.94,12.1,11.4,11.6,6013900.0,11.93,-0.33,-0.0277,2023-05-25
1877,sh605580,13.32,13.32,13.32,13.32,2705320.0,12.11,1.21,0.0999,2023-05-25
1878,sh605588,36.16,36.77,35.75,36.6,696600.0,36.24,0.36,0.0099,2023-05-25
1879,sh605589,19.5,19.89,19.28,19.4,8466240.0,19.48,-0.08,-0.0041,2023-05-25
1880,sh605598,40.5,41.2,40.12,41.2,1605072.0,41.04,0.16,0.0039,2023-05-25
1881,sh605599,11.4,11.45,11.14,11.25,2865500.0,11.45,-0.2,-0.0175,2023-05-25
1882,sh688001,36.67,37.11,35.38,36.17,2287736.0,36.67,-0.5,-0.0136,2023-05-25
1883,sh688002,49.99,50.8,48.93,49.85,4406831.0,50.02,-0.17,-0.0034,2023-05-25
1884,sh688003,37.65,37.7,36.66,37.33,1172209.0,37.48,-0.15,-0.004,2023-05-25
1885,sh688004,35.71,36.69,33.74,34.97,3018175.0,35.5,-0.53,-0.0149,2023-05-25
1886,sh688005,61.0,62.26,59.97,60.88,3516627.0,61.3,-0.42,-0.0069,2023-05-25
1887,sh688006,42.25,43.2,41.6,42.68,2606883.0,42.25,0.43,0.0102,2023-05-25
1888,sh688007,21.22,21.51,20.88,21.29,2989468.0,21.03,0.26,0.0124,2023-05-25
1889,sh688008,58.68,60.24,58.09,60.1,13184889.0,58.0,2.1,0.0362,2023-05-25
1890,sh688009,5.51,5.59,5.45,5.55,27358830.0,5.5,0.05,0.0091,2023-05-25
1891,sh688010,23.58,23.69,22.99,23.45,1383483.0,23.58,-0.13,-0.0055,2023-05-25
1892,sh688011,24.75,25.76,24.67,25.15,825360.0,24.65,0.5,0.0203,2023-05-25
1893,sh688012,159.45,161.3,156.65,159.65,5939489.0,158.58,1.07,0.0067,2023-05-25
1894,sh688013,23.5,23.78,23.3,23.55,686706.0,23.79,-0.24,-0.0101,2023-05-25
1895,sh688015,19.45,19.63,19.26,19.58,564886.0,19.49,0.09,0.0046,2023-05-25
1896,sh688016,167.99,167.99,163.8,166.28,495530.0,168.18,-1.9,-0.0113,2023-05-25
1897,sh688017,127.18,131.87,125.6,127.26,3124307.0,128.35,-1.09,-0.0085,2023-05-25
1898,sh688018,128.07,131.0,125.58,129.45,985007.0,127.97,1.48,0.0116,2023-05-25
1899,sh688019,233.5,238.69,231.24,238.23,954067.0,234.93,3.3,0.014,2023-05-25
1900,sh688020,51.52,52.5,50.34,50.97,1407514.0,51.55,-0.58,-0.0113,2023-05-25
1901,sh688021,25.8,26.33,25.65,26.1,540225.0,26.4,-0.3,-0.0114,2023-05-25
1902,sh688022,49.83,50.28,49.31,49.92,765846.0,49.85,0.07,0.0014,2023-05-25
1903,sh688023,177.28,181.5,174.89,176.99,470456.0,177.2,-0.21,-0.0012,2023-05-25
1904,sh688025,61.5,63.45,60.45,61.33,4519887.0,61.88,-0.55,-0.0089,2023-05-25
1905,sh688026,19.93,20.19,19.58,19.8,551166.0,19.93,-0.13,-0.0065,2023-05-25
1906,sh688027,149.8,152.45,143.33,148.3,1467524.0,150.14,-1.84,-0.0123,2023-05-25
1907,sh688028,31.8,31.99,30.94,31.54,876753.0,31.53,0.01,0.0003,2023-05-25
1908,sh688029,90.4,91.37,88.66,89.99,956447.0,91.04,-1.05,-0.0115,2023-05-25
1909,sh688030,21.59,21.96,20.94,21.35,850157.0,21.59,-0.24,-0.0111,2023-05-25
1910,sh688031,120.0,122.8,116.08,119.44,653274.0,118.7,0.74,0.0062,2023-05-25
1911,sh688032,544.0,572.86,535.0,562.99,1116394.0,545.69,17.3,0.0317,2023-05-25
1912,sh688033,17.72,18.16,17.57,17.86,5433602.0,17.78,0.08,0.0045,2023-05-25
1913,sh688035,56.5,57.38,55.7,57.0,795258.0,56.47,0.53,0.0094,2023-05-25
1914,sh688036,116.91,117.3,112.51,115.05,3195187.0,115.6,-0.55,-0.0048,2023-05-25
1915,sh688037,262.01,267.51,258.86,266.9,1266981.0,266.1,0.8,0.003,2023-05-25
1916,sh688038,14.65,14.74,14.42,14.64,1768271.0,14.58,0.06,0.0041,2023-05-25
1917,sh688039,53.43,54.96,51.9,53.58,1871326.0,53.65,-0.07,-0.0013,2023-05-25
1918,sh688041,81.2,83.45,76.8,81.0,19036963.0,76.83,4.17,0.0543,2023-05-25
1919,sh688045,60.87,63.25,60.72,63.0,1284370.0,61.3,1.7,0.0277,2023-05-25
1920,sh688046,21.7,22.16,21.35,21.63,1419588.0,21.73,-0.1,-0.0046,2023-05-25
1921,sh688047,140.99,157.68,138.57,157.68,3430376.0,137.13,20.55,0.1499,2023-05-25
1922,sh688048,103.0,107.5,99.66,106.7,7054590.0,98.94,7.76,0.0784,2023-05-25
1923,sh688049,35.8,36.27,34.6,35.49,2089690.0,35.68,-0.19,-0.0053,2023-05-25
1924,sh688050,219.17,219.99,212.28,216.54,573345.0,219.33,-2.79,-0.0127,2023-05-25
1925,sh688051,33.9,34.64,32.99,33.55,396653.0,33.76,-0.21,-0.0062,2023-05-25
1926,sh688052,267.03,270.0,265.48,267.09,502563.0,268.38,-1.29,-0.0048,2023-05-25
1927,sh688053,60.1,60.8,58.88,59.78,538802.0,60.06,-0.28,-0.0047,2023-05-25
1928,sh688055,4.26,4.3,4.2,4.29,3198525.0,4.26,0.03,0.007,2023-05-25
1929,sh688056,43.14,43.84,41.7,42.82,470936.0,42.92,-0.1,-0.0023,2023-05-25
1930,sh688057,15.5,15.64,15.3,15.61,939635.0,15.52,0.09,0.0058,2023-05-25
1931,sh688058,57.83,58.4,54.99,56.59,708532.0,58.12,-1.53,-0.0263,2023-05-25
1932,sh688059,80.05,80.84,78.25,80.67,306910.0,79.73,0.94,0.0118,2023-05-25
1933,sh688060,57.5,59.2,57.04,59.03,392570.0,57.86,1.17,0.0202,2023-05-25
1934,sh688061,70.52,73.72,70.52,72.16,864165.0,71.2,0.96,0.0135,2023-05-25
1935,sh688062,23.98,24.25,23.14,23.45,1685779.0,23.85,-0.4,-0.0168,2023-05-25
1936,sh688063,218.89,229.98,215.58,226.8,4036468.0,220.63,6.17,0.028,2023-05-25
1937,sh688065,53.01,53.84,52.71,53.34,486717.0,53.32,0.02,0.0004,2023-05-25
1938,sh688066,84.2,85.17,82.41,83.5,1392746.0,84.71,-1.21,-0.0143,2023-05-25
1939,sh688067,22.51,22.65,22.12,22.49,819742.0,22.64,-0.15,-0.0066,2023-05-25
1940,sh688068,44.66,44.71,43.59,43.82,1131662.0,44.54,-0.72,-0.0162,2023-05-25
1941,sh688069,28.65,28.78,28.25,28.78,254330.0,28.72,0.06,0.0021,2023-05-25
1942,sh688070,43.92,45.4,43.73,44.34,269862.0,44.47,-0.13,-0.0029,2023-05-25
1943,sh688071,51.67,52.5,49.04,51.53,608594.0,51.3,0.23,0.0045,2023-05-25
1944,sh688072,388.34,394.79,383.3,392.9,1037851.0,391.86,1.04,0.0027,2023-05-25
1945,sh688073,90.93,91.33,87.21,87.53,278653.0,90.93,-3.4,-0.0374,2023-05-25
1946,sh688075,67.96,68.0,66.38,67.05,478397.0,67.49,-0.44,-0.0065,2023-05-25
1947,sh688076,34.5,35.75,33.68,34.79,6586584.0,35.14,-0.35,-0.01,2023-05-25
1948,sh688077,26.4,26.55,26.06,26.48,554476.0,26.27,0.21,0.008,2023-05-25
1949,sh688078,42.59,42.73,41.11,42.18,751804.0,42.87,-0.69,-0.0161,2023-05-25
1950,sh688079,11.27,11.37,10.7,10.89,6626826.0,11.14,-0.25,-0.0224,2023-05-25
1951,sh688080,61.96,62.92,61.0,62.91,777292.0,61.73,1.18,0.0191,2023-05-25
1952,sh688081,24.34,24.51,23.55,23.98,1190122.0,24.41,-0.43,-0.0176,2023-05-25
1953,sh688082,110.03,113.78,109.34,113.56,2307448.0,110.5,3.06,0.0277,2023-05-25
1954,sh688083,181.0,184.01,177.7,183.35,498123.0,181.5,1.85,0.0102,2023-05-25
1955,sh688084,78.7,80.89,78.7,80.02,163288.0,79.65,0.37,0.0046,2023-05-25
1956,sh688085,32.37,32.55,31.82,32.38,1026725.0,32.35,0.03,0.0009,2023-05-25
1957,sh688086,0.0,0.0,0.0,2.42,0.0,2.42,0.0,0.0,2023-05-25
1958,sh688087,33.2,33.47,32.8,33.06,570289.0,33.43,-0.37,-0.0111,2023-05-25
1959,sh688088,36.74,37.24,35.23,36.15,7588581.0,36.65,-0.5,-0.0136,2023-05-25
1960,sh688089,31.43,31.43,30.42,30.73,1240054.0,31.25,-0.52,-0.0166,2023-05-25
1961,sh688090,35.0,35.35,33.0,35.08,5562622.0,34.55,0.53,0.0153,2023-05-25
1962,sh688091,77.83,77.83,75.0,75.8,963813.0,77.43,-1.63,-0.0211,2023-05-25
1963,sh688092,28.5,29.3,28.5,29.15,974070.0,28.88,0.27,0.0093,2023-05-25
1964,sh688093,19.3,19.52,19.01,19.34,608851.0,19.34,0.0,0.0,2023-05-25
1965,sh688095,140.0,142.95,132.76,137.0,1310908.0,137.98,-0.98,-0.0071,2023-05-25
1966,sh688096,13.92,14.12,13.8,13.98,1121133.0,13.88,0.1,0.0072,2023-05-25
1967,sh688097,27.75,28.58,27.75,28.47,808841.0,28.1,0.37,0.0132,2023-05-25
1968,sh688098,7.67,7.72,7.65,7.72,1147792.0,7.68,0.04,0.0052,2023-05-25
1969,sh688099,82.51,84.68,79.74,81.7,3447465.0,82.38,-0.68,-0.0083,2023-05-25
1970,sh688100,30.58,30.9,29.52,30.18,1856084.0,30.22,-0.04,-0.0013,2023-05-25
1971,sh688101,13.56,13.71,13.45,13.62,638933.0,13.55,0.07,0.0052,2023-05-25
1972,sh688102,15.31,15.75,15.31,15.56,1164967.0,15.48,0.08,0.0052,2023-05-25
1973,sh688103,63.0,63.39,60.49,61.8,2206581.0,63.39,-1.59,-0.0251,2023-05-25
1974,sh688105,34.53,34.53,33.5,33.95,1341532.0,34.56,-0.61,-0.0177,2023-05-25
1975,sh688106,24.91,25.68,24.9,25.61,5161820.0,24.9,0.71,0.0285,2023-05-25
1976,sh688107,52.6,53.5,51.7,52.99,1566184.0,52.38,0.61,0.0116,2023-05-25
1977,sh688108,9.78,10.59,9.56,10.22,21760461.0,9.79,0.43,0.0439,2023-05-25
1978,sh688109,35.61,36.38,35.0,35.55,378301.0,35.91,-0.36,-0.01,2023-05-25
1979,sh688110,36.12,36.4,34.7,35.6,10215753.0,35.73,-0.13,-0.0036,2023-05-25
1980,sh688111,403.0,410.98,382.0,393.0,4685876.0,401.39,-8.39,-0.0209,2023-05-25
1981,sh688112,86.74,86.77,84.21,86.26,485375.0,86.88,-0.62,-0.0071,2023-05-25
1982,sh688113,46.53,49.47,46.53,48.9,242754.0,46.63,2.27,0.0487,2023-05-25
1983,sh688114,75.99,81.0,75.3,78.7,1535466.0,75.2,3.5,0.0465,2023-05-25
1984,sh688115,35.27,35.73,34.73,35.65,584985.0,35.4,0.25,0.0071,2023-05-25
1985,sh688116,47.89,48.58,47.56,48.15,3086477.0,48.05,0.1,0.0021,2023-05-25
1986,sh688117,37.5,39.2,36.4,38.82,3454890.0,37.51,1.31,0.0349,2023-05-25
1987,sh688118,22.62,22.76,21.43,21.89,1629109.0,22.56,-0.67,-0.0297,2023-05-25
1988,sh688119,6.6,6.65,6.46,6.58,2793129.0,6.59,-0.01,-0.0015,2023-05-25
1989,sh688120,368.05,387.8,364.03,385.0,1140912.0,372.06,12.94,0.0348,2023-05-25
1990,sh688121,38.0,39.15,37.55,38.95,1858008.0,38.01,0.94,0.0247,2023-05-25
1991,sh688122,84.77,86.1,83.2,83.88,3545652.0,84.6,-0.72,-0.0085,2023-05-25
1992,sh688123,76.21,78.6,74.1,76.17,2943788.0,75.62,0.55,0.0073,2023-05-25
1993,sh688125,49.73,51.39,49.73,51.23,467145.0,49.73,1.5,0.0302,2023-05-25
1994,sh688126,20.83,21.08,20.59,21.01,15310195.0,20.83,0.18,0.0086,2023-05-25
1995,sh688127,17.6,17.96,17.25,17.56,2683191.0,17.7,-0.14,-0.0079,2023-05-25
1996,sh688128,23.95,24.46,23.7,24.42,6050204.0,24.3,0.12,0.0049,2023-05-25
1997,sh688129,14.12,14.14,13.76,14.01,476102.0,14.08,-0.07,-0.005,2023-05-25
1998,sh688130,46.2,46.7,44.92,45.6,533483.0,45.96,-0.36,-0.0078,2023-05-25
1999,sh688131,99.8,101.51,99.47,100.3,277730.0,101.51,-1.21,-0.0119,2023-05-25
2000,sh688132,24.91,25.44,24.91,25.35,1294927.0,25.08,0.27,0.0108,2023-05-25
2001,sh688133,105.28,105.29,102.12,103.98,729496.0,104.78,-0.8,-0.0076,2023-05-25
2002,sh688135,31.48,31.68,30.88,31.42,1140674.0,31.5,-0.08,-0.0025,2023-05-25
2003,sh688136,20.28,20.36,19.85,20.16,884882.0,20.18,-0.02,-0.001,2023-05-25
2004,sh688137,57.0,58.07,56.8,57.65,281565.0,57.5,0.15,0.0026,2023-05-25
2005,sh688138,22.2,22.88,21.94,22.37,2397534.0,22.53,-0.16,-0.0071,2023-05-25
2006,sh688139,61.12,61.5,59.88,61.23,1721896.0,61.12,0.11,0.0018,2023-05-25
2007,sh688141,37.94,38.99,36.45,37.36,2884575.0,37.94,-0.58,-0.0153,2023-05-25
2008,sh688143,43.62,44.83,43.18,44.1,498696.0,44.2,-0.1,-0.0023,2023-05-25
2009,sh688146,46.0,47.45,45.81,46.77,9222667.0,46.73,0.04,0.0009,2023-05-25
2010,sh688147,45.99,50.16,45.51,48.5,3472031.0,46.04,2.46,0.0534,2023-05-25
2011,sh688148,11.5,11.74,11.47,11.62,3281493.0,11.62,0.0,0.0,2023-05-25
2012,sh688150,22.43,23.04,22.37,22.97,1719083.0,22.77,0.2,0.0088,2023-05-25
2013,sh688151,20.47,20.89,20.43,20.71,988390.0,20.46,0.25,0.0122,2023-05-25
2014,sh688152,156.84,163.66,156.72,163.25,452980.0,157.76,5.49,0.0348,2023-05-25
2015,sh688153,65.03,65.47,63.07,63.7,1642733.0,64.88,-1.18,-0.0182,2023-05-25
2016,sh688155,51.06,53.49,51.06,53.01,414732.0,51.84,1.17,0.0226,2023-05-25
2017,sh688156,34.34,35.0,33.77,34.54,896657.0,34.6,-0.06,-0.0017,2023-05-25
2018,sh688157,69.69,69.69,66.44,67.81,846103.0,69.51,-1.7,-0.0245,2023-05-25
2019,sh688158,17.01,17.53,16.6,17.01,10772069.0,16.99,0.02,0.0012,2023-05-25
2020,sh688159,27.32,27.32,25.9,26.38,1947900.0,26.55,-0.17,-0.0064,2023-05-25
2021,sh688160,42.85,43.38,41.0,41.98,3633295.0,42.66,-0.68,-0.0159,2023-05-25
2022,sh688161,48.4,48.88,47.48,48.14,630342.0,48.43,-0.29,-0.006,2023-05-25
2023,sh688162,38.7,39.65,38.51,39.08,493291.0,38.85,0.23,0.0059,2023-05-25
2024,sh688163,23.92,24.13,23.41,23.66,606608.0,24.0,-0.34,-0.0142,2023-05-25
2025,sh688165,10.73,11.15,10.56,10.86,9292326.0,10.82,0.04,0.0037,2023-05-25
2026,sh688166,23.4,23.7,23.08,23.35,3151182.0,23.54,-0.19,-0.0081,2023-05-25
2027,sh688167,103.21,105.29,100.02,102.15,1848270.0,103.52,-1.37,-0.0132,2023-05-25
2028,sh688168,36.51,36.91,35.75,36.35,1108804.0,36.52,-0.17,-0.0047,2023-05-25
2029,sh688169,314.92,318.85,308.01,310.75,465028.0,319.0,-8.25,-0.0259,2023-05-25
2030,sh688170,40.36,42.58,40.34,41.95,2677304.0,40.35,1.6,0.0397,2023-05-25
2031,sh688171,23.88,24.31,23.41,23.94,899662.0,24.15,-0.21,-0.0087,2023-05-25
2032,sh688172,22.62,22.95,22.03,22.69,4138971.0,22.65,0.04,0.0018,2023-05-25
2033,sh688173,22.39,22.68,22.15,22.54,1829690.0,22.31,0.23,0.0103,2023-05-25
2034,sh688175,34.0,34.4,33.79,34.32,283896.0,33.97,0.35,0.0103,2023-05-25
2035,sh688176,14.91,14.92,14.5,14.63,1680896.0,14.78,-0.15,-0.0101,2023-05-25
2036,sh688177,29.7,30.35,29.0,29.91,1913664.0,29.56,0.35,0.0118,2023-05-25
2037,sh688178,19.49,19.75,18.81,19.43,574841.0,19.4,0.03,0.0015,2023-05-25
2038,sh688179,34.09,34.17,33.54,34.01,710155.0,34.2,-0.19,-0.0056,2023-05-25
2039,sh688180,49.19,49.3,48.78,49.2,2420081.0,49.19,0.01,0.0002,2023-05-25
2040,sh688181,35.45,35.79,34.97,35.68,886252.0,35.52,0.16,0.0045,2023-05-25
2041,sh688182,20.95,21.29,20.26,20.85,3179849.0,21.04,-0.19,-0.009,2023-05-25
2042,sh688183,11.1,11.52,10.8,11.12,5531302.0,11.07,0.05,0.0045,2023-05-25
2043,sh688184,31.85,31.95,31.48,31.88,308925.0,31.9,-0.02,-0.0006,2023-05-25
2044,sh688185,95.63,95.81,93.03,93.96,1695098.0,96.23,-2.27,-0.0236,2023-05-25
2045,sh688186,34.35,35.5,34.22,35.04,4438648.0,34.1,0.94,0.0276,2023-05-25
2046,sh688187,44.8,45.15,44.38,45.08,2380268.0,44.78,0.3,0.0067,2023-05-25
2047,sh688188,198.5,198.66,195.66,198.3,322345.0,200.17,-1.87,-0.0093,2023-05-25
2048,sh688189,14.81,14.83,14.4,14.52,1888034.0,14.81,-0.29,-0.0196,2023-05-25
2049,sh688190,70.0,70.73,67.91,69.57,2216872.0,74.1,-4.53,-0.0611,2023-05-25
2050,sh688191,17.2,17.2,16.46,16.61,2363363.0,16.97,-0.36,-0.0212,2023-05-25
2051,sh688192,45.69,45.82,44.72,45.81,571095.0,45.35,0.46,0.0101,2023-05-25
2052,sh688193,44.19,44.45,43.58,44.43,91720.0,44.33,0.1,0.0023,2023-05-25
2053,sh688195,29.29,30.9,28.36,30.28,4276000.0,28.58,1.7,0.0595,2023-05-25
2054,sh688196,49.29,49.73,48.59,49.11,269365.0,49.3,-0.19,-0.0039,2023-05-25
2055,sh688197,60.69,61.5,59.36,60.88,919421.0,60.85,0.03,0.0005,2023-05-25
2056,sh688198,110.89,111.93,109.15,110.98,112614.0,110.62,0.36,0.0033,2023-05-25
2057,sh688199,31.9,32.16,31.23,31.74,790944.0,31.97,-0.23,-0.0072,2023-05-25
2058,sh688200,259.82,263.0,256.6,262.36,319052.0,259.14,3.22,0.0124,2023-05-25
2059,sh688201,40.3,41.3,39.94,40.98,1627443.0,40.29,0.69,0.0171,2023-05-25
2060,sh688202,139.73,141.8,139.3,140.55,829508.0,140.67,-0.12,-0.0009,2023-05-25
2061,sh688203,14.97,14.97,14.52,14.76,675967.0,14.9,-0.14,-0.0094,2023-05-25
2062,sh688205,67.0,70.67,64.21,68.29,2976508.0,65.38,2.91,0.0445,2023-05-25
2063,sh688206,28.39,28.95,27.96,28.63,2333213.0,28.65,-0.02,-0.0007,2023-05-25
2064,sh688207,33.25,34.1,32.56,33.38,3358785.0,33.32,0.06,0.0018,2023-05-25
2065,sh688208,29.72,30.71,29.22,29.62,5532059.0,29.88,-0.26,-0.0087,2023-05-25
2066,sh688209,17.41,17.72,17.27,17.67,2640228.0,17.49,0.18,0.0103,2023-05-25
2067,sh688210,17.69,18.18,17.69,18.12,995397.0,17.88,0.24,0.0134,2023-05-25
2068,sh688211,45.6,46.06,45.0,45.46,855459.0,45.91,-0.45,-0.0098,2023-05-25
2069,sh688212,68.68,69.0,66.75,68.44,782584.0,68.93,-0.49,-0.0071,2023-05-25
2070,sh688213,57.61,59.8,56.64,57.35,655121.0,57.87,-0.52,-0.009,2023-05-25
2071,sh688215,40.19,40.19,38.11,39.0,1293683.0,40.1,-1.1,-0.0274,2023-05-25
2072,sh688216,25.55,26.1,25.24,25.69,936878.0,25.55,0.14,0.0055,2023-05-25
2073,sh688217,43.12,43.12,41.4,41.85,332999.0,42.7,-0.85,-0.0199,2023-05-25
2074,sh688218,19.75,20.53,19.32,19.61,9035831.0,20.0,-0.39,-0.0195,2023-05-25
2075,sh688219,9.28,9.39,9.15,9.3,857829.0,9.29,0.01,0.0011,2023-05-25
2076,sh688220,72.96,73.98,70.43,71.61,2918319.0,72.73,-1.12,-0.0154,2023-05-25
2077,sh688221,12.32,12.58,12.11,12.28,3542537.0,12.48,-0.2,-0.016,2023-05-25
2078,sh688222,16.0,16.43,15.8,16.07,2598282.0,16.16,-0.09,-0.0056,2023-05-25
2079,sh688223,13.08,13.83,12.88,13.41,88102954.0,13.03,0.38,0.0292,2023-05-25
2080,sh688225,21.91,22.13,21.31,21.81,1222820.0,22.24,-0.43,-0.0193,2023-05-25
2081,sh688226,19.7,20.46,19.57,20.36,5756301.0,19.99,0.37,0.0185,2023-05-25
2082,sh688227,23.61,23.91,22.89,23.46,1825012.0,23.61,-0.15,-0.0064,2023-05-25
2083,sh688228,46.59,47.6,44.88,45.77,1919864.0,46.68,-0.91,-0.0195,2023-05-25
2084,sh688229,52.58,53.96,51.17,53.04,391411.0,53.25,-0.21,-0.0039,2023-05-25
2085,sh688230,61.02,62.89,61.02,62.18,449565.0,61.39,0.79,0.0129,2023-05-25
2086,sh688231,29.38,30.35,29.2,29.95,943642.0,29.39,0.56,0.0191,2023-05-25
2087,sh688232,46.68,47.46,45.13,45.53,1140617.0,46.85,-1.32,-0.0282,2023-05-25
2088,sh688233,36.2,37.32,35.87,37.08,3545308.0,36.11,0.97,0.0269,2023-05-25
2089,sh688234,78.35,81.13,77.33,80.92,2105006.0,77.71,3.21,0.0413,2023-05-25
2090,sh688235,145.53,147.0,143.21,145.32,736754.0,146.21,-0.89,-0.0061,2023-05-25
2091,sh688236,33.0,33.39,32.51,33.05,849080.0,33.14,-0.09,-0.0027,2023-05-25
2092,sh688237,46.53,48.25,46.44,47.83,504439.0,46.83,1.0,0.0214,2023-05-25
2093,sh688238,16.69,16.89,16.53,16.77,1823109.0,16.81,-0.04,-0.0024,2023-05-25
2094,sh688239,67.73,69.38,67.29,68.51,1338555.0,68.13,0.38,0.0056,2023-05-25
2095,sh688244,93.74,95.0,90.4,94.7,996250.0,93.55,1.15,0.0123,2023-05-25
2096,sh688246,39.28,39.39,36.68,37.49,1672589.0,38.66,-1.17,-0.0303,2023-05-25
2097,sh688247,14.29,14.69,14.1,14.28,2469518.0,14.56,-0.28,-0.0192,2023-05-25
2098,sh688248,40.57,42.38,40.08,41.49,5198820.0,40.81,0.68,0.0167,2023-05-25
2099,sh688249,20.45,20.8,19.8,20.34,25580502.0,20.51,-0.17,-0.0083,2023-05-25
2100,sh688251,32.5,33.4,31.0,32.68,2452495.0,33.69,-1.01,-0.03,2023-05-25
2101,sh688252,23.15,24.2,22.96,23.74,2540563.0,23.32,0.42,0.018,2023-05-25
2102,sh688253,25.48,25.68,25.1,25.42,1047999.0,25.67,-0.25,-0.0097,2023-05-25
2103,sh688255,42.5,43.33,41.7,42.68,1243074.0,42.25,0.43,0.0102,2023-05-25
2104,sh688256,195.0,203.0,184.17,194.5,16082814.0,182.0,12.5,0.0687,2023-05-25
2105,sh688257,37.5,37.91,37.0,37.54,797295.0,37.68,-0.14,-0.0037,2023-05-25
2106,sh688258,79.25,83.68,78.3,81.59,999821.0,79.09,2.5,0.0316,2023-05-25
2107,sh688259,56.48,57.55,56.21,57.35,909377.0,56.63,0.72,0.0127,2023-05-25
2108,sh688260,16.17,16.28,15.76,16.15,1290047.0,16.19,-0.04,-0.0025,2023-05-25
2109,sh688261,185.22,188.47,182.0,188.47,670668.0,185.0,3.47,0.0188,2023-05-25
2110,sh688262,56.12,56.94,53.93,55.77,3237900.0,55.34,0.43,0.0078,2023-05-25
2111,sh688265,44.22,44.22,42.68,43.07,84111.0,43.4,-0.33,-0.0076,2023-05-25
2112,sh688266,59.0,59.31,56.41,57.23,2468279.0,59.36,-2.13,-0.0359,2023-05-25
2113,sh688267,24.44,24.66,24.05,24.37,1476994.0,24.46,-0.09,-0.0037,2023-05-25
2114,sh688268,86.52,87.5,83.5,85.1,1921387.0,86.21,-1.11,-0.0129,2023-05-25
2115,sh688269,62.89,64.3,62.89,63.25,351532.0,63.53,-0.28,-0.0044,2023-05-25
2116,sh688270,84.22,86.47,83.7,86.25,906130.0,84.37,1.88,0.0223,2023-05-25
2117,sh688271,137.0,137.6,135.02,136.71,847130.0,137.6,-0.89,-0.0065,2023-05-25
2118,sh688272,19.61,19.72,19.14,19.48,348330.0,19.8,-0.32,-0.0162,2023-05-25
2119,sh688273,42.9,43.74,42.1,42.82,698694.0,43.4,-0.58,-0.0134,2023-05-25
2120,sh688275,146.36,147.23,145.28,147.18,229003.0,146.36,0.82,0.0056,2023-05-25
2121,sh688276,69.32,69.32,67.68,68.81,595311.0,68.5,0.31,0.0045,2023-05-25
2122,sh688277,16.16,16.32,15.77,16.0,5830130.0,16.17,-0.17,-0.0105,2023-05-25
2123,sh688278,43.72,44.77,43.51,44.09,1088017.0,43.72,0.37,0.0085,2023-05-25
2124,sh688279,83.77,86.39,82.95,85.68,1401933.0,83.85,1.83,0.0218,2023-05-25
2125,sh688280,7.7,7.86,7.7,7.81,1352513.0,7.76,0.05,0.0064,2023-05-25
2126,sh688281,282.0,290.89,281.81,290.53,175366.0,282.84,7.69,0.0272,2023-05-25
2127,sh688282,54.13,54.68,53.08,53.95,595000.0,54.15,-0.2,-0.0037,2023-05-25
2128,sh688283,60.76,61.5,58.99,59.77,364060.0,60.76,-0.99,-0.0163,2023-05-25
2129,sh688285,8.88,8.99,8.78,8.95,2607201.0,8.88,0.07,0.0079,2023-05-25
2130,sh688286,50.61,54.68,50.61,53.69,1278371.0,50.61,3.08,0.0609,2023-05-25
2131,sh688287,13.47,13.8,13.4,13.66,5377569.0,13.49,0.17,0.0126,2023-05-25
2132,sh688288,22.3,22.65,21.94,22.23,464498.0,22.4,-0.17,-0.0076,2023-05-25
2133,sh688289,18.3,18.35,18.02,18.28,2472250.0,18.3,-0.02,-0.0011,2023-05-25
2134,sh688290,72.4,72.4,70.4,72.0,369931.0,72.2,-0.2,-0.0028,2023-05-25
2135,sh688291,29.66,30.21,29.2,29.82,911403.0,29.85,-0.03,-0.001,2023-05-25
2136,sh688292,32.01,32.8,30.24,31.13,2632283.0,31.81,-0.68,-0.0214,2023-05-25
2137,sh688293,56.0,56.23,54.81,55.23,268059.0,55.99,-0.76,-0.0136,2023-05-25
2138,sh688295,36.92,37.16,36.42,36.94,1262910.0,36.89,0.05,0.0014,2023-05-25
2139,sh688296,18.0,18.01,17.1,17.67,2193818.0,17.99,-0.32,-0.0178,2023-05-25
2140,sh688297,51.03,52.25,51.01,52.11,4631676.0,51.19,0.92,0.018,2023-05-25
2141,sh688298,53.61,53.69,52.82,53.21,1063298.0,53.76,-0.55,-0.0102,2023-05-25
2142,sh688299,15.66,15.91,15.59,15.78,1594399.0,15.78,0.0,0.0,2023-05-25
2143,sh688300,64.58,65.99,63.02,63.98,613349.0,64.05,-0.07,-0.0011,2023-05-25
2144,sh688301,269.23,284.96,269.23,277.08,417794.0,272.99,4.09,0.015,2023-05-25
2145,sh688302,69.62,70.02,68.19,68.55,378374.0,69.3,-0.75,-0.0108,2023-05-25
2146,sh688303,40.4,40.81,39.88,40.2,6823413.0,40.51,-0.31,-0.0077,2023-05-25
2147,sh688305,93.62,97.6,93.0,95.69,1258085.0,93.62,2.07,0.0221,2023-05-25
2148,sh688306,5.16,5.33,5.11,5.27,10437712.0,5.16,0.11,0.0213,2023-05-25
2149,sh688307,32.28,32.7,31.67,32.16,1102485.0,32.5,-0.34,-0.0105,2023-05-25
2150,sh688308,51.53,52.98,51.09,51.72,1121511.0,51.63,0.09,0.0017,2023-05-25
2151,sh688309,20.5,21.52,20.5,21.33,663837.0,20.59,0.74,0.0359,2023-05-25
2152,sh688310,40.35,40.95,39.6,40.42,326693.0,40.55,-0.13,-0.0032,2023-05-25
2153,sh688311,64.35,66.19,63.53,64.65,1235356.0,63.81,0.84,0.0132,2023-05-25
2154,sh688312,17.42,17.55,17.2,17.4,580743.0,17.38,0.02,0.0012,2023-05-25
2155,sh688313,13.18,13.59,12.45,12.94,23999590.0,12.94,0.0,0.0,2023-05-25
2156,sh688314,39.0,39.0,37.55,38.04,892611.0,38.38,-0.34,-0.0089,2023-05-25
2157,sh688315,32.41,32.41,31.03,31.89,874990.0,32.08,-0.19,-0.0059,2023-05-25
2158,sh688316,49.55,52.4,48.0,49.11,1225251.0,49.25,-0.14,-0.0028,2023-05-25
2159,sh688317,26.0,26.22,25.65,25.9,1202096.0,26.12,-0.22,-0.0084,2023-05-25
2160,sh688318,141.24,143.01,138.08,141.95,1023118.0,141.26,0.69,0.0049,2023-05-25
2161,sh688319,22.0,22.2,21.29,21.61,2230603.0,21.87,-0.26,-0.0119,2023-05-25
2162,sh688320,38.22,40.6,38.1,39.87,3122816.0,38.51,1.36,0.0353,2023-05-25
2163,sh688321,23.1,23.22,22.73,22.97,1737179.0,23.12,-0.15,-0.0065,2023-05-25
2164,sh688322,36.6,38.76,35.73,37.38,7850594.0,37.06,0.32,0.0086,2023-05-25
2165,sh688323,20.76,21.36,20.76,21.1,640016.0,21.04,0.06,0.0029,2023-05-25
2166,sh688325,42.57,42.98,41.28,42.01,230873.0,42.33,-0.32,-0.0076,2023-05-25
2167,sh688326,120.1,123.96,119.0,122.99,464467.0,121.1,1.89,0.0156,2023-05-25
2168,sh688327,33.52,34.75,31.51,32.52,12926725.0,33.97,-1.45,-0.0427,2023-05-25
2169,sh688328,21.69,22.29,21.67,21.99,1016570.0,21.8,0.19,0.0087,2023-05-25
2170,sh688329,34.47,34.88,34.2,34.72,300936.0,34.56,0.16,0.0046,2023-05-25
2171,sh688330,50.74,52.5,50.51,51.19,1120767.0,50.7,0.49,0.0097,2023-05-25
2172,sh688331,63.5,63.83,62.0,62.9,1131505.0,63.99,-1.09,-0.017,2023-05-25
2173,sh688332,80.49,81.58,77.0,79.59,1302608.0,80.56,-0.97,-0.012,2023-05-25
2174,sh688333,94.2,97.0,93.24,95.7,1217107.0,94.8,0.9,0.0095,2023-05-25
2175,sh688335,25.5,26.08,25.24,25.84,531495.0,25.55,0.29,0.0114,2023-05-25
2176,sh688336,17.29,17.38,16.98,17.25,1508651.0,17.27,-0.02,-0.0012,2023-05-25
2177,sh688337,58.6,59.12,57.21,58.19,643928.0,59.33,-1.14,-0.0192,2023-05-25
2178,sh688338,54.94,54.94,53.15,53.62,317851.0,53.99,-0.37,-0.0069,2023-05-25
2179,sh688339,80.14,81.65,80.01,80.72,540424.0,81.0,-0.28,-0.0035,2023-05-25
2180,sh688343,68.0,69.55,63.08,66.2,10845084.0,65.9,0.3,0.0046,2023-05-25
2181,sh688345,38.63,39.63,38.63,39.15,427365.0,38.75,0.4,0.0103,2023-05-25
2182,sh688348,264.81,285.6,260.1,280.99,2362033.0,268.2,12.79,0.0477,2023-05-25
2183,sh688349,34.04,35.38,33.83,35.31,2801882.0,34.17,1.14,0.0334,2023-05-25
2184,sh688350,17.65,17.83,17.31,17.57,805214.0,17.76,-0.19,-0.0107,2023-05-25
2185,sh688351,22.92,23.35,22.18,22.55,2462277.0,23.28,-0.73,-0.0314,2023-05-25
2186,sh688352,14.54,14.8,14.05,14.29,13724323.0,14.68,-0.39,-0.0266,2023-05-25
2187,sh688353,38.53,38.81,38.01,38.37,341869.0,38.64,-0.27,-0.007,2023-05-25
2188,sh688355,27.08,28.17,26.97,27.85,1366759.0,27.15,0.7,0.0258,2023-05-25
2189,sh688356,118.5,120.5,117.07,118.7,260598.0,119.73,-1.03,-0.0086,2023-05-25
2190,sh688357,96.19,98.68,95.6,97.47,455179.0,96.19,1.28,0.0133,2023-05-25
2191,sh688358,55.35,56.7,52.96,53.94,1339563.0,55.92,-1.98,-0.0354,2023-05-25
2192,sh688359,74.81,74.81,72.01,73.35,437167.0,74.2,-0.85,-0.0115,2023-05-25
2193,sh688360,20.49,20.49,19.91,20.2,1666990.0,20.41,-0.21,-0.0103,2023-05-25
2194,sh688361,70.3,71.7,66.8,68.97,12057855.0,71.04,-2.07,-0.0291,2023-05-25
2195,sh688362,37.31,38.64,36.06,37.51,3754481.0,37.71,-0.2,-0.0053,2023-05-25
2196,sh688363,92.1,92.42,90.91,91.48,2196592.0,92.3,-0.82,-0.0089,2023-05-25
2197,sh688365,15.23,15.48,14.71,15.14,5833037.0,15.26,-0.12,-0.0079,2023-05-25
2198,sh688366,91.03,93.18,91.0,92.15,408838.0,91.86,0.29,0.0032,2023-05-25
2199,sh688367,18.19,18.28,17.91,18.13,500730.0,18.16,-0.03,-0.0017,2023-05-25
2200,sh688368,145.22,152.0,143.98,147.5,601583.0,145.1,2.4,0.0165,2023-05-25
2201,sh688369,73.5,74.22,71.41,73.08,670787.0,74.6,-1.52,-0.0204,2023-05-25
2202,sh688370,37.55,37.67,37.35,37.5,198488.0,37.55,-0.05,-0.0013,2023-05-25
2203,sh688371,18.36,18.77,18.18,18.38,1356130.0,18.13,0.25,0.0138,2023-05-25
2204,sh688372,128.9,131.02,125.0,126.99,845290.0,129.71,-2.72,-0.021,2023-05-25
2205,sh688373,8.94,9.08,8.82,8.97,3124111.0,8.98,-0.01,-0.0011,2023-05-25
2206,sh688375,80.02,80.65,79.16,80.1,379461.0,80.38,-0.28,-0.0035,2023-05-25
2207,sh688376,36.15,36.65,35.61,36.25,839582.0,36.11,0.14,0.0039,2023-05-25
2208,sh688377,26.44,27.1,26.23,26.9,639403.0,26.62,0.28,0.0105,2023-05-25
2209,sh688378,62.01,63.58,61.26,62.47,1067896.0,62.1,0.37,0.006,2023-05-25
2210,sh688379,19.67,19.95,19.38,19.6,669711.0,19.67,-0.07,-0.0036,2023-05-25
2211,sh688380,29.88,30.36,29.35,30.08,2558556.0,29.88,0.2,0.0067,2023-05-25
2212,sh688381,36.65,37.38,35.8,36.62,1016279.0,36.65,-0.03,-0.0008,2023-05-25
2213,sh688382,20.39,20.39,19.5,19.76,1552727.0,20.19,-0.43,-0.0213,2023-05-25
2214,sh688383,132.83,134.19,129.51,132.72,630476.0,133.5,-0.78,-0.0058,2023-05-25
2215,sh688385,54.5,55.84,54.13,55.71,4940876.0,54.13,1.58,0.0292,2023-05-25
2216,sh688386,47.6,48.48,47.14,47.87,747477.0,47.6,0.27,0.0057,2023-05-25
2217,sh688387,7.16,7.27,6.95,7.09,18018858.0,7.14,-0.05,-0.007,2023-05-25
2218,sh688388,37.73,38.12,37.31,37.81,2457392.0,37.78,0.03,0.0008,2023-05-25
2219,sh688389,26.67,26.7,25.91,26.1,1335210.0,26.34,-0.24,-0.0091,2023-05-25
2220,sh688390,249.9,264.3,247.49,259.79,4063151.0,252.01,7.78,0.0309,2023-05-25
2221,sh688391,107.28,107.97,105.55,107.7,344141.0,106.25,1.45,0.0136,2023-05-25
2222,sh688392,132.8,139.95,131.15,136.65,1473067.0,133.3,3.35,0.0251,2023-05-25
2223,sh688393,24.24,24.31,23.49,23.75,849847.0,24.26,-0.51,-0.021,2023-05-25
2224,sh688395,23.61,24.45,23.61,24.04,1047304.0,24.02,0.02,0.0008,2023-05-25
2225,sh688396,57.49,58.0,56.66,57.7,3479794.0,57.34,0.36,0.0063,2023-05-25
2226,sh688398,30.5,31.66,30.3,31.16,613075.0,30.59,0.57,0.0186,2023-05-25
2227,sh688399,61.51,61.6,59.88,60.31,462923.0,61.4,-1.09,-0.0178,2023-05-25
2228,sh688400,33.3,33.81,31.7,32.8,9195458.0,32.87,-0.07,-0.0021,2023-05-25
2229,sh688401,45.66,46.6,44.94,45.77,1262650.0,45.93,-0.16,-0.0035,2023-05-25
2230,sh688403,13.52,13.81,13.16,13.64,7509256.0,13.65,-0.01,-0.0007,2023-05-25
2231,sh688408,80.5,85.49,79.12,83.25,4766937.0,81.21,2.04,0.0251,2023-05-25
2232,sh688409,104.57,107.39,103.4,106.64,1112678.0,105.2,1.44,0.0137,2023-05-25
2233,sh688410,49.9,50.51,48.6,49.35,1523822.0,50.2,-0.85,-0.0169,2023-05-25
2234,sh688416,71.0,75.6,69.09,75.6,5076045.0,71.17,4.43,0.0622,2023-05-25
2235,sh688418,19.98,20.72,18.4,18.7,12106960.0,19.9,-1.2,-0.0603,2023-05-25
2236,sh688419,42.39,43.03,41.38,42.58,2879699.0,42.16,0.42,0.01,2023-05-25
2237,sh688420,41.86,42.58,41.29,41.75,503050.0,41.79,-0.04,-0.001,2023-05-25
2238,sh688425,5.13,5.17,5.04,5.17,26022735.0,5.12,0.05,0.0098,2023-05-25
2239,sh688426,41.27,41.95,39.73,40.06,772316.0,41.48,-1.42,-0.0342,2023-05-25
2240,sh688428,12.7,12.85,12.17,12.36,4569590.0,12.68,-0.32,-0.0252,2023-05-25
2241,sh688432,16.01,16.29,15.8,16.19,7467480.0,16.05,0.14,0.0087,2023-05-25
2242,sh688433,27.8,28.39,27.02,27.56,3331606.0,27.51,0.05,0.0018,2023-05-25
2243,sh688435,96.11,98.43,93.63,98.13,376620.0,96.1,2.03,0.0211,2023-05-25
2244,sh688439,104.2,111.0,104.2,110.29,1340099.0,104.86,5.43,0.0518,2023-05-25
2245,sh688448,25.9,25.9,25.55,25.88,610785.0,25.72,0.16,0.0062,2023-05-25
2246,sh688455,15.48,16.18,15.35,16.18,6482013.0,15.3,0.88,0.0575,2023-05-25
2247,sh688456,29.87,30.82,29.85,30.81,732059.0,30.0,0.81,0.027,2023-05-25
2248,sh688458,71.88,75.0,70.39,73.5,3529476.0,72.93,0.57,0.0078,2023-05-25
2249,sh688459,9.73,9.79,9.61,9.77,2926856.0,9.77,0.0,0.0,2023-05-25
2250,sh688466,20.31,20.59,19.89,20.2,530308.0,20.32,-0.12,-0.0059,2023-05-25
2251,sh688468,10.66,10.67,10.37,10.5,1517722.0,10.66,-0.16,-0.015,2023-05-25
2252,sh688469,5.85,5.91,5.72,5.9,82706414.0,5.86,0.04,0.0068,2023-05-25
2253,sh688475,50.77,51.37,48.65,49.8,1657385.0,50.6,-0.8,-0.0158,2023-05-25
2254,sh688478,43.56,45.77,43.5,45.28,4321483.0,44.23,1.05,0.0237,2023-05-25
2255,sh688479,29.35,29.69,28.69,29.3,3761179.0,29.39,-0.09,-0.0031,2023-05-25
2256,sh688480,28.06,29.35,27.85,28.71,1258520.0,28.77,-0.06,-0.0021,2023-05-25
2257,sh688484,41.72,42.29,41.09,41.92,2669170.0,42.02,-0.1,-0.0024,2023-05-25
2258,sh688485,15.76,15.88,15.56,15.85,599002.0,15.67,0.18,0.0115,2023-05-25
2259,sh688486,96.48,98.46,92.72,95.96,587165.0,94.61,1.35,0.0143,2023-05-25
2260,sh688488,13.23,13.9,13.23,13.5,4750369.0,13.34,0.16,0.012,2023-05-25
2261,sh688489,72.88,73.98,71.04,72.66,762356.0,71.81,0.85,0.0118,2023-05-25
2262,sh688496,16.67,17.29,16.0,16.6,10661689.0,17.01,-0.41,-0.0241,2023-05-25
2263,sh688498,236.0,273.6,236.0,250.01,2411200.0,228.0,22.01,0.0965,2023-05-25
2264,sh688499,91.2,92.89,90.86,91.8,681898.0,91.12,0.68,0.0075,2023-05-25
2265,sh688500,18.06,18.59,17.81,18.59,1451324.0,18.23,0.36,0.0197,2023-05-25
2266,sh688501,26.37,26.8,25.89,26.19,1055267.0,26.26,-0.07,-0.0027,2023-05-25
2267,sh688502,197.99,204.6,195.02,200.96,543415.0,200.27,0.69,0.0034,2023-05-25
2268,sh688503,78.97,85.69,77.0,80.0,2820639.0,78.7,1.3,0.0165,2023-05-25
2269,sh688505,9.26,9.39,9.15,9.26,2618409.0,9.32,-0.06,-0.0064,2023-05-25
2270,sh688506,89.21,94.51,89.0,94.25,747394.0,91.41,2.84,0.0311,2023-05-25
2271,sh688507,199.37,202.32,193.36,201.97,483730.0,200.89,1.08,0.0054,2023-05-25
2272,sh688508,67.29,68.8,66.5,68.4,1367189.0,67.34,1.06,0.0157,2023-05-25
2273,sh688509,4.76,4.88,4.69,4.84,8822490.0,4.78,0.06,0.0126,2023-05-25
2274,sh688510,18.55,19.29,18.52,19.04,2259392.0,18.6,0.44,0.0237,2023-05-25
2275,sh688511,34.59,34.92,33.98,34.33,578380.0,34.31,0.02,0.0006,2023-05-25
2276,sh688512,22.18,23.78,21.65,23.78,13117309.0,22.1,1.68,0.076,2023-05-25
2277,sh688513,55.36,56.85,55.26,56.67,249485.0,55.55,1.12,0.0202,2023-05-25
2278,sh688515,142.24,145.79,139.83,143.87,578174.0,141.5,2.37,0.0167,2023-05-25
2279,sh688516,184.18,189.99,180.0,186.93,1108095.0,184.44,2.49,0.0135,2023-05-25
2280,sh688517,23.77,24.71,22.71,23.47,7285373.0,23.0,0.47,0.0204,2023-05-25
2281,sh688518,27.49,28.03,27.0,27.78,4749463.0,27.39,0.39,0.0142,2023-05-25
2282,sh688519,22.03,22.61,21.91,22.51,1203629.0,22.27,0.24,0.0108,2023-05-25
2283,sh688520,63.12,63.52,62.05,63.12,724875.0,63.12,0.0,0.0,2023-05-25
2284,sh688521,81.6,83.59,78.0,80.75,3812356.0,79.59,1.16,0.0146,2023-05-25
2285,sh688522,52.1,54.69,51.81,53.38,2278971.0,52.0,1.38,0.0265,2023-05-25
2286,sh688525,73.16,75.44,70.13,74.8,8376832.0,73.33,1.47,0.02,2023-05-25
2287,sh688526,23.79,24.05,23.57,23.9,910881.0,23.92,-0.02,-0.0008,2023-05-25
2288,sh688528,10.91,11.08,10.81,10.95,829908.0,11.01,-0.06,-0.0054,2023-05-25
2289,sh688529,23.8,24.43,23.8,24.25,846856.0,23.93,0.32,0.0134,2023-05-25
2290,sh688531,163.73,168.79,159.0,161.77,914385.0,166.0,-4.23,-0.0255,2023-05-25
2291,sh688533,45.22,45.58,43.44,44.15,2032622.0,45.49,-1.34,-0.0295,2023-05-25
2292,sh688535,58.93,61.28,56.49,58.68,1960525.0,58.72,-0.04,-0.0007,2023-05-25
2293,sh688536,222.36,225.88,222.06,225.28,410648.0,224.0,1.28,0.0057,2023-05-25
2294,sh688538,2.6,2.62,2.59,2.6,16132615.0,2.61,-0.01,-0.0038,2023-05-25
2295,sh688539,42.79,43.42,40.13,40.93,3279859.0,42.85,-1.92,-0.0448,2023-05-25
2296,sh688550,45.13,45.15,44.14,44.82,737451.0,45.17,-0.35,-0.0077,2023-05-25
2297,sh688551,66.1,67.46,64.5,65.21,492005.0,65.15,0.06,0.0009,2023-05-25
2298,sh688552,26.76,28.45,26.38,27.08,22670567.0,26.52,0.56,0.0211,2023-05-25
2299,sh688553,16.39,16.47,16.06,16.25,1090319.0,16.38,-0.13,-0.0079,2023-05-25
2300,sh688555,0.0,0.0,0.0,4.14,0.0,4.14,0.0,0.0,2023-05-25
2301,sh688556,48.98,55.0,48.66,53.3,16589230.0,49.44,3.86,0.0781,2023-05-25
2302,sh688557,36.59,36.79,35.76,36.64,1600080.0,36.33,0.31,0.0085,2023-05-25
2303,sh688558,34.45,35.3,34.01,34.57,781224.0,34.58,-0.01,-0.0003,2023-05-25
2304,sh688559,45.1,47.42,44.66,46.91,5574159.0,45.14,1.77,0.0392,2023-05-25
2305,sh688560,30.12,31.18,29.96,30.44,3504870.0,30.36,0.08,0.0026,2023-05-25
2306,sh688561,54.88,55.79,54.0,54.98,2631085.0,55.07,-0.09,-0.0016,2023-05-25
2307,sh688562,26.98,31.3,26.6,28.81,42534278.0,28.6,0.21,0.0073,2023-05-25
2308,sh688565,8.25,8.35,8.19,8.3,1375228.0,8.29,0.01,0.0012,2023-05-25
2309,sh688566,34.04,34.45,33.4,34.16,1198750.0,34.07,0.09,0.0026,2023-05-25
2310,sh688567,21.7,21.82,21.25,21.34,3721344.0,21.8,-0.46,-0.0211,2023-05-25
2311,sh688568,73.52,73.66,72.0,73.49,1083486.0,73.09,0.4,0.0055,2023-05-25
2312,sh688569,36.02,38.2,36.02,38.18,5405702.0,36.79,1.39,0.0378,2023-05-25
2313,sh688571,6.14,6.17,6.01,6.11,3849964.0,6.11,0.0,0.0,2023-05-25
2314,sh688575,17.8,18.5,17.75,18.0,3207066.0,17.95,0.05,0.0028,2023-05-25
2315,sh688577,44.21,44.89,44.07,44.55,221612.0,44.4,0.15,0.0034,2023-05-25
2316,sh688578,28.23,28.82,27.95,28.3,2438640.0,28.9,-0.6,-0.0208,2023-05-25
2317,sh688579,14.0,14.35,13.64,13.92,4114820.0,14.01,-0.09,-0.0064,2023-05-25
2318,sh688580,71.78,73.29,71.5,72.75,306005.0,72.74,0.01,0.0001,2023-05-25
2319,sh688581,131.6,132.0,125.33,129.52,1502611.0,132.9,-3.38,-0.0254,2023-05-25
2320,sh688585,8.52,8.52,8.31,8.4,478621.0,8.46,-0.06,-0.0071,2023-05-25
2321,sh688586,12.98,13.8,12.96,13.51,11789483.0,12.96,0.55,0.0424,2023-05-25
2322,sh688588,14.73,15.0,14.42,14.8,3899792.0,14.77,0.03,0.002,2023-05-25
2323,sh688589,43.59,44.41,42.63,43.49,1551472.0,43.59,-0.1,-0.0023,2023-05-25
2324,sh688590,15.38,15.54,14.28,14.85,11638413.0,15.15,-0.3,-0.0198,2023-05-25
2325,sh688595,34.78,35.67,34.56,35.0,1964851.0,35.12,-0.12,-0.0034,2023-05-25
2326,sh688596,37.99,38.34,37.38,37.9,3127298.0,37.92,-0.02,-0.0005,2023-05-25
2327,sh688597,10.86,11.35,10.59,10.79,9864438.0,10.96,-0.17,-0.0155,2023-05-25
2328,sh688598,158.12,164.0,155.18,160.38,1482333.0,158.7,1.68,0.0106,2023-05-25
2329,sh688599,48.52,51.35,47.99,50.41,33128930.0,48.85,1.56,0.0319,2023-05-25
2330,sh688600,26.1,26.3,25.25,25.89,1143999.0,25.98,-0.09,-0.0035,2023-05-25
2331,sh688601,75.98,76.84,75.07,76.45,677442.0,76.0,0.45,0.0059,2023-05-25
2332,sh688606,99.52,99.88,98.52,98.81,171564.0,99.75,-0.94,-0.0094,2023-05-25
2333,sh688607,21.8,22.63,21.58,22.09,1159125.0,21.8,0.29,0.0133,2023-05-25
2334,sh688608,138.89,141.48,136.38,140.06,1040569.0,138.78,1.28,0.0092,2023-05-25
2335,sh688609,9.77,10.21,9.33,9.55,21584376.0,9.72,-0.17,-0.0175,2023-05-25
2336,sh688611,55.9,58.63,54.7,57.44,691202.0,55.8,1.64,0.0294,2023-05-25
2337,sh688613,24.15,24.39,23.7,24.11,2013822.0,24.29,-0.18,-0.0074,2023-05-25
2338,sh688616,12.81,12.98,12.67,12.81,1673978.0,12.78,0.03,0.0023,2023-05-25
2339,sh688617,381.0,386.95,377.61,381.96,139004.0,381.88,0.08,0.0002,2023-05-25
2340,sh688618,63.8,66.4,63.8,66.16,444852.0,66.0,0.16,0.0024,2023-05-25
2341,sh688619,15.42,15.45,14.7,15.05,4219474.0,15.14,-0.09,-0.0059,2023-05-25
2342,sh688621,63.0,63.62,62.01,63.02,544894.0,63.62,-0.6,-0.0094,2023-05-25
2343,sh688622,38.16,38.78,37.73,38.36,323171.0,38.01,0.35,0.0092,2023-05-25
2344,sh688625,42.41,43.2,41.51,41.8,298968.0,42.42,-0.62,-0.0146,2023-05-25
2345,sh688626,43.9,44.58,42.93,43.58,712846.0,44.21,-0.63,-0.0143,2023-05-25
2346,sh688628,43.68,44.44,42.21,42.86,1259350.0,43.93,-1.07,-0.0244,2023-05-25
2347,sh688630,73.13,77.64,73.13,74.5,3926538.0,71.16,3.34,0.0469,2023-05-25
2348,sh688633,43.04,43.75,42.61,43.67,375527.0,42.62,1.05,0.0246,2023-05-25
2349,sh688636,82.9,84.2,82.11,83.23,622658.0,82.78,0.45,0.0054,2023-05-25
2350,sh688639,168.01,173.12,166.93,171.66,479084.0,169.39,2.27,0.0134,2023-05-25
2351,sh688655,14.49,14.69,14.29,14.44,1634070.0,14.59,-0.15,-0.0103,2023-05-25
2352,sh688656,36.9,36.9,35.68,36.36,247881.0,36.49,-0.13,-0.0036,2023-05-25
2353,sh688658,25.07,25.07,24.2,24.62,4873260.0,24.94,-0.32,-0.0128,2023-05-25
2354,sh688659,13.7,14.66,13.47,14.23,15229730.0,13.68,0.55,0.0402,2023-05-25
2355,sh688660,5.97,6.03,5.92,6.0,4701247.0,5.95,0.05,0.0084,2023-05-25
2356,sh688661,99.0,104.55,87.5,91.99,4826978.0,89.43,2.56,0.0286,2023-05-25
2357,sh688662,36.87,38.79,35.28,37.58,4876998.0,35.98,1.6,0.0445,2023-05-25
2358,sh688663,34.4,36.8,34.1,35.89,4891584.0,34.66,1.23,0.0355,2023-05-25
2359,sh688665,87.97,91.5,87.24,89.29,537958.0,88.7,0.59,0.0067,2023-05-25
2360,sh688667,73.56,73.79,71.57,72.67,319819.0,74.0,-1.33,-0.018,2023-05-25
2361,sh688668,57.5,57.95,56.44,57.51,656024.0,56.75,0.76,0.0134,2023-05-25
2362,sh688669,24.08,24.28,23.71,24.0,463056.0,24.07,-0.07,-0.0029,2023-05-25
2363,sh688670,69.13,69.23,67.0,68.19,525017.0,68.46,-0.27,-0.0039,2023-05-25
2364,sh688676,32.43,34.13,32.2,33.75,6077805.0,32.58,1.17,0.0359,2023-05-25
2365,sh688677,98.09,98.09,94.2,96.09,525426.0,96.0,0.09,0.0009,2023-05-25
2366,sh688678,18.94,19.3,18.8,19.25,2680611.0,19.25,0.0,0.0,2023-05-25
2367,sh688679,14.53,14.9,14.52,14.79,611603.0,14.7,0.09,0.0061,2023-05-25
2368,sh688680,119.95,129.7,117.45,126.99,4531994.0,121.77,5.22,0.0429,2023-05-25
2369,sh688681,17.06,17.21,16.55,17.1,3184127.0,16.58,0.52,0.0314,2023-05-25
2370,sh688682,83.61,85.0,82.62,84.76,200030.0,84.2,0.56,0.0067,2023-05-25
2371,sh688683,23.34,23.53,22.79,23.16,707444.0,23.32,-0.16,-0.0069,2023-05-25
2372,sh688685,20.03,20.37,19.9,20.28,1306119.0,19.99,0.29,0.0145,2023-05-25
2373,sh688686,157.99,159.32,152.69,154.54,932491.0,157.8,-3.26,-0.0207,2023-05-25
2374,sh688687,27.5,27.5,26.3,26.93,1115681.0,27.44,-0.51,-0.0186,2023-05-25
2375,sh688689,25.28,25.68,24.95,25.31,936317.0,25.28,0.03,0.0012,2023-05-25
2376,sh688690,45.44,45.86,44.03,44.98,2184013.0,45.44,-0.46,-0.0101,2023-05-25
2377,sh688696,158.3,159.3,156.35,158.49,365264.0,158.3,0.19,0.0012,2023-05-25
2378,sh688697,26.9,27.59,26.11,26.58,6877313.0,27.13,-0.55,-0.0203,2023-05-25
2379,sh688698,29.8,31.75,29.6,30.28,2600684.0,29.8,0.48,0.0161,2023-05-25
2380,sh688699,52.56,53.98,52.2,53.35,991079.0,52.71,0.64,0.0121,2023-05-25
2381,sh688700,65.79,75.04,64.6,70.63,13534323.0,64.5,6.13,0.095,2023-05-25
2382,sh688701,9.22,9.36,9.16,9.3,700363.0,9.22,0.08,0.0087,2023-05-25
2383,sh688707,31.99,32.44,31.45,31.8,2248293.0,31.88,-0.08,-0.0025,2023-05-25
2384,sh688711,70.4,71.28,69.77,70.73,1170366.0,70.49,0.24,0.0034,2023-05-25
2385,sh688718,17.1,17.4,16.87,17.23,649527.0,17.25,-0.02,-0.0012,2023-05-25
2386,sh688722,18.13,18.5,17.87,18.16,2515290.0,18.22,-0.06,-0.0033,2023-05-25
2387,sh688728,15.77,16.08,15.77,15.94,7229219.0,15.82,0.12,0.0076,2023-05-25
2388,sh688733,31.08,31.48,30.92,31.2,1300958.0,31.18,0.02,0.0006,2023-05-25
2389,sh688737,38.23,38.59,37.5,38.07,393492.0,38.25,-0.18,-0.0047,2023-05-25
2390,sh688739,34.59,34.81,34.2,34.57,1491760.0,34.7,-0.13,-0.0037,2023-05-25
2391,sh688766,176.4,177.76,169.43,172.86,827155.0,172.95,-0.09,-0.0005,2023-05-25
2392,sh688767,32.0,32.01,31.26,31.68,610450.0,31.91,-0.23,-0.0072,2023-05-25
2393,sh688768,123.45,124.98,118.53,124.52,246578.0,122.11,2.41,0.0197,2023-05-25
2394,sh688772,17.45,18.46,17.36,18.26,11897173.0,17.53,0.73,0.0416,2023-05-25
2395,sh688776,128.68,129.5,126.0,128.95,271505.0,129.16,-0.21,-0.0016,2023-05-25
2396,sh688777,99.01,100.0,98.0,99.61,2124110.0,99.86,-0.25,-0.0025,2023-05-25
2397,sh688778,66.6,67.88,66.2,67.61,983917.0,67.18,0.43,0.0064,2023-05-25
2398,sh688779,11.65,11.7,11.46,11.59,6267138.0,11.65,-0.06,-0.0052,2023-05-25
2399,sh688786,43.35,43.46,42.68,43.27,183367.0,43.0,0.27,0.0063,2023-05-25
2400,sh688787,144.29,146.97,135.16,140.1,2680211.0,143.98,-3.88,-0.0269,2023-05-25
2401,sh688788,41.06,41.46,40.2,40.99,478529.0,41.06,-0.07,-0.0017,2023-05-25
2402,sh688789,140.87,147.99,139.86,142.86,543129.0,139.85,3.01,0.0215,2023-05-25
2403,sh688793,54.46,54.46,52.31,53.04,665986.0,53.45,-0.41,-0.0077,2023-05-25
2404,sh688798,90.5,91.59,89.23,91.45,829936.0,90.0,1.45,0.0161,2023-05-25
2405,sh688799,41.51,41.93,41.0,41.23,1011153.0,41.73,-0.5,-0.012,2023-05-25
2406,sh688800,53.65,55.22,53.4,54.9,1897136.0,53.89,1.01,0.0187,2023-05-25
2407,sh688819,35.81,36.19,35.49,35.76,1664751.0,35.74,0.02,0.0006,2023-05-25
2408,sh688981,50.29,50.58,49.03,50.36,40626355.0,49.91,0.45,0.009,2023-05-25
2409,sz000001,11.99,12.0,11.81,11.93,88274430.0,12.01,-0.08,-0.0067,2023-05-25
2410,sz000002,14.03,14.19,14.0,14.19,42395343.0,14.11,0.08,0.0057,2023-05-25
2411,sz000004,12.12,12.12,11.85,12.12,5080200.0,11.54,0.58,0.0503,2023-05-25
2412,sz000005,1.24,1.26,1.23,1.23,17365000.0,1.29,-0.06,-0.0465,2023-05-25
2413,sz000006,4.65,4.71,4.62,4.69,12635082.0,4.62,0.07,0.0152,2023-05-25
2414,sz000007,4.29,4.3,4.2,4.24,2536000.0,4.24,0.0,0.0,2023-05-25
2415,sz000008,2.32,2.34,2.3,2.33,16949705.0,2.32,0.01,0.0043,2023-05-25
2416,sz000009,11.25,11.32,11.13,11.19,15233026.0,11.25,-0.06,-0.0053,2023-05-25
2417,sz000010,2.32,2.35,2.29,2.32,11665591.0,2.33,-0.01,-0.0043,2023-05-25
2418,sz000011,9.41,9.49,9.34,9.43,2268548.0,9.45,-0.02,-0.0021,2023-05-25
2419,sz000012,6.34,6.34,6.26,6.29,11282847.0,6.34,-0.05,-0.0079,2023-05-25
2420,sz000014,10.14,10.22,10.02,10.12,4291740.0,10.13,-0.01,-0.001,2023-05-25
2421,sz000016,4.71,4.77,4.6,4.68,12128800.0,4.7,-0.02,-0.0043,2023-05-25
2422,sz000017,4.38,4.4,4.3,4.38,3301400.0,4.38,0.0,0.0,2023-05-25
2423,sz000019,7.44,7.5,7.37,7.41,3224870.0,7.46,-0.05,-0.0067,2023-05-25
2424,sz000020,10.72,10.92,10.59,10.71,1879700.0,10.64,0.07,0.0066,2023-05-25
2425,sz000021,18.55,19.4,18.47,19.16,108967775.0,18.3,0.86,0.047,2023-05-25
2426,sz000023,6.76,6.76,6.53,6.6,1628270.0,6.76,-0.16,-0.0237,2023-05-25
2427,sz000025,16.88,17.06,16.6,16.78,3181818.0,16.89,-0.11,-0.0065,2023-05-25
2428,sz000026,11.44,11.56,11.35,11.52,3244638.0,11.45,0.07,0.0061,2023-05-25
2429,sz000027,6.62,6.72,6.57,6.69,15590473.0,6.62,0.07,0.0106,2023-05-25
2430,sz000028,56.6,58.35,54.98,56.36,3567741.0,56.6,-0.24,-0.0042,2023-05-25
2431,sz000029,10.8,11.6,10.61,11.36,7339781.0,10.71,0.65,0.0607,2023-05-25
2432,sz000030,4.79,4.86,4.75,4.82,5828018.0,4.82,0.0,0.0,2023-05-25
2433,sz000031,3.61,3.66,3.56,3.61,18132500.0,3.62,-0.01,-0.0028,2023-05-25
2434,sz000032,29.61,30.43,28.45,29.13,29260803.0,29.91,-0.78,-0.0261,2023-05-25
2435,sz000034,24.7,26.2,24.5,25.07,27275693.0,24.22,0.85,0.0351,2023-05-25
2436,sz000035,4.89,4.92,4.8,4.85,14654300.0,4.89,-0.04,-0.0082,2023-05-25
2437,sz000036,3.85,3.88,3.82,3.84,5735370.0,3.87,-0.03,-0.0078,2023-05-25
2438,sz000037,7.83,8.23,7.83,8.08,16210201.0,7.88,0.2,0.0254,2023-05-25
2439,sz000038,0.0,0.0,0.0,0.0,0.0,3.43,-3.43,-1.0,2023-05-25
2440,sz000039,6.91,6.91,6.77,6.83,11094550.0,6.9,-0.07,-0.0101,2023-05-25
2441,sz000040,4.35,4.87,4.34,4.69,172466662.0,4.43,0.26,0.0587,2023-05-25
2442,sz000042,7.59,7.66,7.47,7.59,2681688.0,7.63,-0.04,-0.0052,2023-05-25
2443,sz000045,10.53,10.78,10.51,10.65,5767400.0,10.58,0.07,0.0066,2023-05-25
2444,sz000046,0.88,0.92,0.86,0.92,121382800.0,0.9,0.02,0.0222,2023-05-25
2445,sz000048,19.7,19.86,19.35,19.53,2730473.0,19.82,-0.29,-0.0146,2023-05-25
2446,sz000049,37.0,37.58,36.95,37.27,3065575.0,37.1,0.17,0.0046,2023-05-25
2447,sz000050,9.23,9.37,9.2,9.3,6172346.0,9.26,0.04,0.0043,2023-05-25
2448,sz000055,4.77,4.78,4.68,4.75,5775433.0,4.76,-0.01,-0.0021,2023-05-25
2449,sz000056,3.8,3.81,3.72,3.76,10318180.0,3.8,-0.04,-0.0105,2023-05-25
2450,sz000058,6.3,6.33,6.14,6.21,8268114.0,6.33,-0.12,-0.019,2023-05-25
2451,sz000059,6.13,6.2,6.09,6.19,10158061.0,6.15,0.04,0.0065,2023-05-25
2452,sz000060,4.65,4.67,4.56,4.59,29878889.0,4.66,-0.07,-0.015,2023-05-25
2453,sz000061,6.04,6.04,5.88,6.0,11562325.0,6.04,-0.04,-0.0066,2023-05-25
2454,sz000062,11.73,11.88,11.66,11.85,3556420.0,11.8,0.05,0.0042,2023-05-25
2455,sz000063,32.8,34.0,31.5,32.15,105016081.0,31.35,0.8,0.0255,2023-05-25
2456,sz000065,14.55,14.69,14.2,14.42,25033794.0,14.69,-0.27,-0.0184,2023-05-25
2457,sz000066,10.82,11.02,10.44,10.69,39604179.0,10.68,0.01,0.0009,2023-05-25
2458,sz000068,3.38,3.42,3.3,3.37,20064368.0,3.39,-0.02,-0.0059,2023-05-25
2459,sz000069,4.68,4.73,4.65,4.71,17373139.0,4.69,0.02,0.0043,2023-05-25
2460,sz000070,7.45,7.79,7.26,7.4,57304070.0,7.27,0.13,0.0179,2023-05-25
2461,sz000078,3.29,3.33,3.27,3.32,14700453.0,3.3,0.02,0.0061,2023-05-25
2462,sz000088,4.95,4.96,4.86,4.9,7826671.0,4.95,-0.05,-0.0101,2023-05-25
2463,sz000089,6.96,6.96,6.86,6.91,7873534.0,6.91,0.0,0.0,2023-05-25
2464,sz000090,5.06,5.08,5.01,5.04,8417283.0,5.06,-0.02,-0.004,2023-05-25
2465,sz000096,7.93,7.98,7.8,7.96,1833300.0,7.96,0.0,0.0,2023-05-25
2466,sz000099,7.97,8.03,7.86,7.98,11694120.0,7.96,0.02,0.0025,2023-05-25
2467,sz000100,3.52,3.57,3.41,3.49,187687991.0,3.54,-0.05,-0.0141,2023-05-25
2468,sz000150,0.0,0.0,0.0,0.0,0.0,0.51,-0.51,-1.0,2023-05-25
2469,sz000151,11.75,11.79,11.43,11.66,5733589.0,11.75,-0.09,-0.0077,2023-05-25
2470,sz000153,10.02,10.05,9.78,9.91,8584446.0,10.05,-0.14,-0.0139,2023-05-25
2471,sz000155,14.6,14.82,14.41,14.69,11095636.0,14.7,-0.01,-0.0007,2023-05-25
2472,sz000156,8.55,8.59,8.2,8.43,17867851.0,8.5,-0.07,-0.0082,2023-05-25
2473,sz000157,6.09,6.15,6.07,6.13,17565210.0,6.09,0.04,0.0066,2023-05-25
2474,sz000158,6.29,6.39,6.15,6.27,29912186.0,6.31,-0.04,-0.0063,2023-05-25
2475,sz000159,7.41,7.54,7.28,7.41,7628803.0,7.35,0.06,0.0082,2023-05-25
2476,sz000166,4.64,4.69,4.58,4.68,65741327.0,4.62,0.06,0.013,2023-05-25
2477,sz000301,11.78,12.05,11.72,11.87,23871420.0,11.84,0.03,0.0025,2023-05-25
2478,sz000333,53.4,54.49,52.68,54.01,17143391.0,53.6,0.41,0.0076,2023-05-25
2479,sz000338,11.71,11.82,11.55,11.67,30528867.0,11.76,-0.09,-0.0077,2023-05-25
2480,sz000400,22.59,22.86,22.32,22.78,11655451.0,22.71,0.07,0.0031,2023-05-25
2481,sz000401,7.61,7.68,7.54,7.63,12224066.0,7.62,0.01,0.0013,2023-05-25
2482,sz000402,4.57,4.61,4.55,4.6,7707820.0,4.59,0.01,0.0022,2023-05-25
2483,sz000403,21.3,21.48,21.1,21.25,2498836.0,21.34,-0.09,-0.0042,2023-05-25
2484,sz000404,6.54,6.59,6.38,6.45,15455392.0,6.52,-0.07,-0.0107,2023-05-25
2485,sz000407,3.75,3.85,3.75,3.83,11887800.0,3.76,0.07,0.0186,2023-05-25
2486,sz000408,23.33,23.41,22.8,22.83,8161592.0,23.5,-0.67,-0.0285,2023-05-25
2487,sz000409,8.35,8.45,8.2,8.34,6370756.0,8.32,0.02,0.0024,2023-05-25
2488,sz000410,8.48,8.82,8.3,8.82,86103586.0,8.02,0.8,0.0998,2023-05-25
2489,sz000411,13.13,13.13,12.7,12.93,4329961.0,13.12,-0.19,-0.0145,2023-05-25
2490,sz000413,1.71,1.71,1.68,1.69,24210235.0,1.7,-0.01,-0.0059,2023-05-25
2491,sz000415,2.2,2.21,2.17,2.2,16776200.0,2.2,0.0,0.0,2023-05-25
2492,sz000416,2.18,2.19,2.09,2.13,12579500.0,2.18,-0.05,-0.0229,2023-05-25
2493,sz000417,4.73,4.75,4.63,4.7,9411258.0,4.74,-0.04,-0.0084,2023-05-25
2494,sz000419,5.43,5.44,5.3,5.38,5646260.0,5.43,-0.05,-0.0092,2023-05-25
2495,sz000420,3.68,3.8,3.62,3.67,25309390.0,3.67,0.0,0.0,2023-05-25
2496,sz000421,5.07,5.3,5.05,5.21,13643694.0,5.07,0.14,0.0276,2023-05-25
2497,sz000422,12.25,12.28,12.02,12.06,6510689.0,12.29,-0.23,-0.0187,2023-05-25
2498,sz000423,48.01,48.16,47.06,47.92,2902425.0,48.0,-0.08,-0.0017,2023-05-25
2499,sz000425,6.01,6.04,5.89,5.97,50717652.0,6.03,-0.06,-0.01,2023-05-25
2500,sz000426,8.72,8.77,8.36,8.43,19955640.0,8.75,-0.32,-0.0366,2023-05-25
2501,sz000428,4.18,4.18,4.07,4.14,12645700.0,4.17,-0.03,-0.0072,2023-05-25
2502,sz000429,7.94,8.04,7.78,7.83,13211573.0,7.91,-0.08,-0.0101,2023-05-25
2503,sz000430,7.28,7.33,7.1,7.2,4722100.0,7.31,-0.11,-0.015,2023-05-25
2504,sz000488,4.89,4.89,4.79,4.83,12205297.0,4.9,-0.07,-0.0143,2023-05-25
2505,sz000498,6.85,6.87,6.77,6.82,10896027.0,6.87,-0.05,-0.0073,2023-05-25
2506,sz000501,9.99,10.05,9.89,10.0,6334050.0,10.0,0.0,0.0,2023-05-25
2507,sz000503,11.23,11.37,11.03,11.19,11572981.0,11.31,-0.12,-0.0106,2023-05-25
2508,sz000504,10.91,10.94,10.69,10.88,1140100.0,11.0,-0.12,-0.0109,2023-05-25
2509,sz000505,7.46,7.52,7.36,7.43,3697467.0,7.49,-0.06,-0.008,2023-05-25
2510,sz000506,4.15,4.15,4.0,4.09,39678900.0,4.21,-0.12,-0.0285,2023-05-25
2511,sz000507,5.59,5.63,5.55,5.59,6559202.0,5.59,0.0,0.0,2023-05-25
2512,sz000509,3.43,3.46,3.39,3.44,3228900.0,3.44,0.0,0.0,2023-05-25
2513,sz000510,6.03,6.07,5.93,5.97,4877724.0,6.03,-0.06,-0.01,2023-05-25
2514,sz000513,37.74,37.76,36.82,37.4,3755311.0,37.8,-0.4,-0.0106,2023-05-25
2515,sz000514,3.75,3.75,3.66,3.71,6337400.0,3.72,-0.01,-0.0027,2023-05-25
2516,sz000516,9.56,9.6,9.4,9.48,12911587.0,9.57,-0.09,-0.0094,2023-05-25
2517,sz000517,2.99,3.01,2.93,2.97,19600202.0,3.01,-0.04,-0.0133,2023-05-25
2518,sz000518,2.78,2.79,2.73,2.75,5425200.0,2.78,-0.03,-0.0108,2023-05-25
2519,sz000519,18.46,18.75,18.19,18.52,17949476.0,18.46,0.06,0.0033,2023-05-25
2520,sz000520,3.13,3.14,3.07,3.1,7387776.0,3.12,-0.02,-0.0064,2023-05-25
2521,sz000521,7.05,7.18,6.98,7.07,13697986.0,7.14,-0.07,-0.0098,2023-05-25
2522,sz000523,3.33,3.33,3.23,3.27,21536876.0,3.33,-0.06,-0.018,2023-05-25
2523,sz000524,9.81,9.9,9.66,9.75,3767455.0,9.85,-0.1,-0.0102,2023-05-25
2524,sz000525,7.97,8.45,7.97,8.27,13849300.0,8.22,0.05,0.0061,2023-05-25
2525,sz000526,23.82,24.68,23.7,24.42,5994800.0,24.04,0.38,0.0158,2023-05-25
2526,sz000528,7.4,7.44,7.24,7.31,15326152.0,7.34,-0.03,-0.0041,2023-05-25
2527,sz000529,6.7,6.73,6.52,6.62,7872000.0,6.74,-0.12,-0.0178,2023-05-25
2528,sz000530,5.19,5.25,5.05,5.13,30966594.0,5.21,-0.08,-0.0154,2023-05-25
2529,sz000531,7.05,7.27,7.04,7.21,7416511.0,7.11,0.1,0.0141,2023-05-25
2530,sz000532,10.93,11.01,10.77,10.93,1918001.0,10.97,-0.04,-0.0036,2023-05-25
2531,sz000533,4.29,4.42,4.28,4.38,13717948.0,4.32,0.06,0.0139,2023-05-25
2532,sz000534,16.99,17.19,16.65,17.04,4164096.0,17.12,-0.08,-0.0047,2023-05-25
2533,sz000536,1.88,1.89,1.83,1.86,15758900.0,1.88,-0.02,-0.0106,2023-05-25
2534,sz000537,11.3,11.56,11.26,11.44,6832980.0,11.29,0.15,0.0133,2023-05-25
2535,sz000538,54.5,54.64,53.63,54.01,6782060.0,54.56,-0.55,-0.0101,2023-05-25
2536,sz000539,6.67,6.95,6.61,6.9,71312607.0,6.74,0.16,0.0237,2023-05-25
2537,sz000540,0.0,0.0,0.0,0.0,0.0,0.4,-0.4,-1.0,2023-05-25
2538,sz000541,5.41,5.41,5.3,5.36,3389034.0,5.39,-0.03,-0.0056,2023-05-25
2539,sz000543,6.1,6.34,6.07,6.17,42526617.0,6.2,-0.03,-0.0048,2023-05-25
2540,sz000544,7.16,7.19,7.07,7.17,5077250.0,7.14,0.03,0.0042,2023-05-25
2541,sz000545,3.13,3.13,2.97,3.02,14425866.0,3.13,-0.11,-0.0351,2023-05-25
2542,sz000546,8.53,8.63,8.41,8.51,9281480.0,8.56,-0.05,-0.0058,2023-05-25
2543,sz000547,9.62,9.71,9.43,9.54,14970233.0,9.64,-0.1,-0.0104,2023-05-25
2544,sz000548,4.91,4.95,4.85,4.91,3913019.0,4.91,0.0,0.0,2023-05-25
2545,sz000550,12.99,13.0,12.75,12.9,4334026.0,13.01,-0.11,-0.0085,2023-05-25
2546,sz000551,9.99,10.11,9.93,10.06,2737101.0,9.99,0.07,0.007,2023-05-25
2547,sz000552,3.38,3.41,3.33,3.36,22612234.0,3.39,-0.03,-0.0088,2023-05-25
2548,sz000553,8.53,8.61,8.38,8.47,3768400.0,8.59,-0.12,-0.014,2023-05-25
2549,sz000554,5.42,5.46,5.35,5.45,5166980.0,5.42,0.03,0.0055,2023-05-25
2550,sz000555,11.56,11.89,11.34,11.59,10335171.0,11.6,-0.01,-0.0009,2023-05-25
2551,sz000557,5.53,5.64,5.39,5.62,11915300.0,5.56,0.06,0.0108,2023-05-25
2552,sz000558,2.98,3.01,2.95,3.01,16794150.0,2.98,0.03,0.0101,2023-05-25
2553,sz000559,4.99,5.01,4.93,4.98,9446678.0,5.0,-0.02,-0.004,2023-05-25
2554,sz000560,2.59,2.62,2.53,2.59,41475486.0,2.61,-0.02,-0.0077,2023-05-25
2555,sz000561,9.04,9.17,8.9,9.08,6159900.0,8.99,0.09,0.01,2023-05-25
2556,sz000563,3.2,3.21,3.15,3.19,27583429.0,3.2,-0.01,-0.0031,2023-05-25
2557,sz000564,1.18,1.21,1.17,1.17,124670969.0,1.19,-0.02,-0.0168,2023-05-25
2558,sz000565,5.78,5.78,5.67,5.74,2415708.0,5.77,-0.03,-0.0052,2023-05-25
2559,sz000566,4.88,4.92,4.76,4.82,15711804.0,4.9,-0.08,-0.0163,2023-05-25
2560,sz000567,18.38,18.68,18.36,18.6,3098631.0,18.53,0.07,0.0038,2023-05-25
2561,sz000568,215.8,218.88,213.35,216.6,4919075.0,217.72,-1.12,-0.0051,2023-05-25
2562,sz000570,5.0,5.03,4.95,5.02,4564345.0,5.03,-0.01,-0.002,2023-05-25
2563,sz000571,2.33,2.35,2.26,2.31,8448371.0,2.33,-0.02,-0.0086,2023-05-25
2564,sz000572,4.05,4.12,4.01,4.06,11922494.0,4.07,-0.01,-0.0025,2023-05-25
2565,sz000573,3.38,3.41,3.34,3.38,9009700.0,3.38,0.0,0.0,2023-05-25
2566,sz000576,10.2,10.28,10.1,10.2,2300800.0,10.25,-0.05,-0.0049,2023-05-25
2567,sz000581,15.6,15.65,15.31,15.55,5061173.0,15.61,-0.06,-0.0038,2023-05-25
2568,sz000582,7.71,7.77,7.65,7.73,9055434.0,7.73,0.0,0.0,2023-05-25
2569,sz000584,5.13,5.25,4.94,4.94,56555723.0,5.2,-0.26,-0.05,2023-05-25
2570,sz000586,13.1,13.38,12.93,13.3,8409000.0,12.98,0.32,0.0247,2023-05-25
2571,sz000589,5.25,5.25,5.13,5.2,10803175.0,5.25,-0.05,-0.0095,2023-05-25
2572,sz000590,8.98,8.98,8.76,8.87,2161100.0,8.94,-0.07,-0.0078,2023-05-25
2573,sz000591,6.92,7.06,6.91,7.04,50129912.0,6.92,0.12,0.0173,2023-05-25
2574,sz000592,2.32,2.33,2.3,2.31,8938817.0,2.32,-0.01,-0.0043,2023-05-25
2575,sz000593,7.05,7.54,6.99,7.32,17378684.0,7.02,0.3,0.0427,2023-05-25
2576,sz000595,5.61,5.66,5.55,5.61,9941002.0,5.58,0.03,0.0054,2023-05-25
2577,sz000596,274.55,274.55,263.38,266.96,1386951.0,274.55,-7.59,-0.0276,2023-05-25
2578,sz000597,5.5,5.51,5.35,5.39,12888808.0,5.5,-0.11,-0.02,2023-05-25
2579,sz000598,5.45,5.49,5.4,5.46,13963174.0,5.49,-0.03,-0.0055,2023-05-25
2580,sz000599,4.11,4.17,4.1,4.15,4721383.0,4.15,0.0,0.0,2023-05-25
2581,sz000600,6.86,7.13,6.77,6.93,73317421.0,7.06,-0.13,-0.0184,2023-05-25
2582,sz000601,4.57,4.7,4.57,4.69,9277626.0,4.6,0.09,0.0196,2023-05-25
2583,sz000603,12.95,13.18,12.84,13.05,6755300.0,13.11,-0.06,-0.0046,2023-05-25
2584,sz000605,6.42,6.44,6.32,6.41,3137260.0,6.38,0.03,0.0047,2023-05-25
2585,sz000606,0.0,0.0,0.0,0.0,0.0,0.92,-0.92,-1.0,2023-05-25
2586,sz000607,5.28,5.38,5.27,5.35,12423256.0,5.29,0.06,0.0113,2023-05-25
2587,sz000608,2.7,2.71,2.66,2.7,5770340.0,2.69,0.01,0.0037,2023-05-25
2588,sz000609,4.75,4.77,4.61,4.75,2695600.0,4.75,0.0,0.0,2023-05-25
2589,sz000610,15.5,15.61,14.83,15.18,17861122.0,15.64,-0.46,-0.0294,2023-05-25
2590,sz000612,4.89,4.9,4.8,4.85,6737921.0,4.88,-0.03,-0.0061,2023-05-25
2591,sz000615,2.76,2.83,2.71,2.71,55850964.0,2.85,-0.14,-0.0491,2023-05-25
2592,sz000616,0.87,0.92,0.84,0.84,46402784.0,0.88,-0.04,-0.0455,2023-05-25
2593,sz000617,7.46,8.1,7.42,8.02,338276575.0,7.53,0.49,0.0651,2023-05-25
2594,sz000619,6.35,6.39,6.28,6.35,2251829.0,6.35,0.0,0.0,2023-05-25
2595,sz000620,1.14,1.18,1.1,1.18,79393485.0,1.12,0.06,0.0536,2023-05-25
2596,sz000622,4.48,4.55,4.42,4.47,5347000.0,4.51,-0.04,-0.0089,2023-05-25
2597,sz000623,16.47,16.5,16.18,16.35,5789101.0,16.45,-0.1,-0.0061,2023-05-25
2598,sz000625,11.88,12.09,11.76,12.03,86540715.0,11.96,0.07,0.0059,2023-05-25
2599,sz000626,7.97,7.99,7.77,7.89,4573700.0,7.99,-0.1,-0.0125,2023-05-25
2600,sz000627,3.35,3.36,3.27,3.33,25190500.0,3.33,0.0,0.0,2023-05-25
2601,sz000628,14.3,14.37,13.95,14.22,2479300.0,14.31,-0.09,-0.0063,2023-05-25
2602,sz000629,4.1,4.11,3.99,4.03,75524706.0,4.12,-0.09,-0.0218,2023-05-25
2603,sz000630,2.87,2.89,2.84,2.87,72296175.0,2.89,-0.02,-0.0069,2023-05-25
2604,sz000631,2.92,2.94,2.88,2.92,6663136.0,2.93,-0.01,-0.0034,2023-05-25
2605,sz000632,4.2,4.22,4.12,4.18,5504100.0,4.2,-0.02,-0.0048,2023-05-25
2606,sz000633,9.33,9.44,9.15,9.25,3085050.0,9.38,-0.13,-0.0139,2023-05-25
2607,sz000635,8.81,8.81,8.61,8.73,2171619.0,8.76,-0.03,-0.0034,2023-05-25
2608,sz000636,15.5,15.66,15.18,15.43,8180348.0,15.54,-0.11,-0.0071,2023-05-25
2609,sz000637,3.28,3.29,3.15,3.18,9628051.0,3.3,-0.12,-0.0364,2023-05-25
2610,sz000638,6.0,6.25,5.98,6.14,9750000.0,6.03,0.11,0.0182,2023-05-25
2611,sz000639,4.45,4.48,4.36,4.47,4408891.0,4.48,-0.01,-0.0022,2023-05-25
2612,sz000650,6.49,6.53,6.34,6.42,31343673.0,6.49,-0.07,-0.0108,2023-05-25
2613,sz000651,34.42,34.42,33.99,34.34,33193044.0,34.49,-0.15,-0.0043,2023-05-25
2614,sz000652,4.2,4.22,4.12,4.17,9815400.0,4.21,-0.04,-0.0095,2023-05-25
2615,sz000655,6.42,6.43,6.31,6.39,3022090.0,6.39,0.0,0.0,2023-05-25
2616,sz000656,0.86,0.86,0.86,0.86,75275700.0,0.96,-0.1,-0.1042,2023-05-25
2617,sz000657,12.72,12.77,12.34,12.52,7084795.0,12.72,-0.2,-0.0157,2023-05-25
2618,sz000659,2.73,2.74,2.68,2.71,6266250.0,2.72,-0.01,-0.0037,2023-05-25
2619,sz000661,167.45,168.22,165.65,166.9,2081554.0,167.46,-0.56,-0.0033,2023-05-25
2620,sz000663,9.15,9.18,8.98,9.14,2791802.0,9.16,-0.02,-0.0022,2023-05-25
2621,sz000665,5.58,5.6,5.39,5.45,18628304.0,5.58,-0.13,-0.0233,2023-05-25
2622,sz000666,9.19,9.34,9.13,9.26,4863290.0,9.25,0.01,0.0011,2023-05-25
2623,sz000667,0.58,0.58,0.58,0.58,11660300.0,0.61,-0.03,-0.0492,2023-05-25
2624,sz000668,11.33,11.33,11.0,11.14,1458601.0,11.38,-0.24,-0.0211,2023-05-25
2625,sz000669,1.71,1.72,1.63,1.68,7841016.0,1.7,-0.02,-0.0118,2023-05-25
2626,sz000670,6.91,6.95,6.5,6.71,31612706.0,6.92,-0.21,-0.0303,2023-05-25
2627,sz000671,0.64,0.64,0.64,0.64,3759500.0,0.67,-0.03,-0.0448,2023-05-25
2628,sz000672,9.87,9.89,9.71,9.81,5748597.0,9.87,-0.06,-0.0061,2023-05-25
2629,sz000676,6.9,6.93,6.42,6.58,126496037.0,6.99,-0.41,-0.0587,2023-05-25
2630,sz000677,2.77,2.8,2.74,2.77,5408500.0,2.77,0.0,0.0,2023-05-25
2631,sz000678,5.6,5.7,5.49,5.56,19514344.0,5.73,-0.17,-0.0297,2023-05-25
2632,sz000679,5.11,5.13,5.03,5.09,3299600.0,5.11,-0.02,-0.0039,2023-05-25
2633,sz000680,4.48,4.51,4.4,4.48,12329387.0,4.46,0.02,0.0045,2023-05-25
2634,sz000681,16.39,16.65,15.82,16.11,41544571.0,16.54,-0.43,-0.026,2023-05-25
2635,sz000682,9.02,9.27,8.95,9.07,20729083.0,9.02,0.05,0.0055,2023-05-25
2636,sz000683,6.74,6.78,6.49,6.58,52714214.0,6.78,-0.2,-0.0295,2023-05-25
2637,sz000685,7.68,7.68,7.54,7.62,9809378.0,7.64,-0.02,-0.0026,2023-05-25
2638,sz000686,7.11,7.19,7.05,7.16,22600960.0,7.09,0.07,0.0099,2023-05-25
2639,sz000688,16.6,16.67,16.31,16.42,2778402.0,16.58,-0.16,-0.0097,2023-05-25
2640,sz000690,7.16,7.5,7.13,7.29,46045016.0,7.19,0.1,0.0139,2023-05-25
2641,sz000691,4.17,4.22,4.12,4.22,5980400.0,4.21,0.01,0.0024,2023-05-25
2642,sz000692,2.47,2.57,2.45,2.54,5071200.0,2.54,0.0,0.0,2023-05-25
2643,sz000695,14.16,14.21,13.79,13.94,1182313.0,14.16,-0.22,-0.0155,2023-05-25
2644,sz000697,6.31,6.37,6.11,6.28,8620255.0,6.33,-0.05,-0.0079,2023-05-25
2645,sz000698,4.16,4.17,4.09,4.16,5128435.0,4.18,-0.02,-0.0048,2023-05-25
2646,sz000700,4.92,4.96,4.84,4.91,4649338.0,4.93,-0.02,-0.0041,2023-05-25
2647,sz000701,6.06,6.15,5.98,6.05,6549313.0,6.1,-0.05,-0.0082,2023-05-25
2648,sz000702,5.25,5.27,5.12,5.25,3358800.0,5.25,0.0,0.0,2023-05-25
2649,sz000703,6.85,6.9,6.76,6.82,7443713.0,6.86,-0.04,-0.0058,2023-05-25
2650,sz000705,8.36,8.36,8.15,8.24,5121000.0,8.38,-0.14,-0.0167,2023-05-25
2651,sz000707,8.42,8.44,8.23,8.41,7751477.0,8.43,-0.02,-0.0024,2023-05-25
2652,sz000708,15.72,15.75,15.5,15.63,4484654.0,15.72,-0.09,-0.0057,2023-05-25
2653,sz000709,2.29,2.3,2.26,2.28,44028552.0,2.3,-0.02,-0.0087,2023-05-25
2654,sz000710,11.88,11.96,11.66,11.76,5430000.0,11.93,-0.17,-0.0142,2023-05-25
2655,sz000711,1.54,1.56,1.48,1.48,24982252.0,1.56,-0.08,-0.0513,2023-05-25
2656,sz000712,13.11,13.44,13.06,13.17,6501941.0,13.11,0.06,0.0046,2023-05-25
2657,sz000713,9.0,9.03,8.8,8.84,5843582.0,8.89,-0.05,-0.0056,2023-05-25
2658,sz000715,7.26,7.43,7.25,7.42,5218209.0,7.27,0.15,0.0206,2023-05-25
2659,sz000716,6.67,6.67,6.43,6.57,26599560.0,6.69,-0.12,-0.0179,2023-05-25
2660,sz000717,2.7,2.76,2.67,2.73,16155713.0,2.7,0.03,0.0111,2023-05-25
2661,sz000718,2.82,2.83,2.76,2.79,11076668.0,2.8,-0.01,-0.0036,2023-05-25
2662,sz000719,11.0,11.23,10.35,10.58,20697251.0,11.13,-0.55,-0.0494,2023-05-25
2663,sz000720,5.15,5.22,5.13,5.2,4566822.0,5.17,0.03,0.0058,2023-05-25
2664,sz000721,11.76,11.78,11.35,11.58,24233044.0,11.81,-0.23,-0.0195,2023-05-25
2665,sz000722,12.64,12.95,12.45,12.66,30845603.0,12.7,-0.04,-0.0031,2023-05-25
2666,sz000723,7.55,7.59,7.38,7.47,24823980.0,7.55,-0.08,-0.0106,2023-05-25
2667,sz000725,3.73,3.84,3.72,3.81,302951672.0,3.75,0.06,0.016,2023-05-25
2668,sz000726,6.84,6.86,6.71,6.81,8469900.0,6.84,-0.03,-0.0044,2023-05-25
2669,sz000727,2.02,2.04,1.99,2.02,23867521.0,2.03,-0.01,-0.0049,2023-05-25
2670,sz000728,6.61,6.68,6.58,6.67,31519572.0,6.61,0.06,0.0091,2023-05-25
2671,sz000729,11.85,11.96,11.7,11.84,12590027.0,11.99,-0.15,-0.0125,2023-05-25
2672,sz000731,8.36,8.39,8.18,8.26,6913741.0,8.36,-0.1,-0.012,2023-05-25
2673,sz000732,0.58,0.58,0.58,0.58,325100.0,0.61,-0.03,-0.0492,2023-05-25
2674,sz000733,93.0,93.56,91.19,92.01,3227836.0,92.9,-0.89,-0.0096,2023-05-25
2675,sz000735,6.94,6.98,6.78,6.85,13069944.0,6.97,-0.12,-0.0172,2023-05-25
2676,sz000736,12.68,13.16,12.65,13.13,20613393.0,12.86,0.27,0.021,2023-05-25
2677,sz000737,5.54,5.59,5.43,5.52,7030400.0,5.56,-0.04,-0.0072,2023-05-25
2678,sz000738,23.71,24.13,23.68,23.91,5321213.0,23.79,0.12,0.005,2023-05-25
2679,sz000739,19.7,19.71,19.26,19.43,3859529.0,19.7,-0.27,-0.0137,2023-05-25
2680,sz000750,3.43,3.45,3.41,3.44,30527465.0,3.43,0.01,0.0029,2023-05-25
2681,sz000751,3.25,3.25,3.18,3.21,14315029.0,3.22,-0.01,-0.0031,2023-05-25
2682,sz000752,4.01,4.04,3.9,3.94,1515700.0,4.02,-0.08,-0.0199,2023-05-25
2683,sz000753,4.1,4.14,4.02,4.12,10511100.0,4.11,0.01,0.0024,2023-05-25
2684,sz000755,4.99,5.05,4.95,5.01,6043684.0,5.01,0.0,0.0,2023-05-25
2685,sz000756,25.33,25.6,24.44,24.77,38140641.0,25.43,-0.66,-0.026,2023-05-25
2686,sz000757,4.11,4.14,4.08,4.12,4020392.0,4.13,-0.01,-0.0024,2023-05-25
2687,sz000758,4.71,4.75,4.57,4.65,41679562.0,4.72,-0.07,-0.0148,2023-05-25
2688,sz000759,4.5,4.52,4.41,4.49,8733800.0,4.51,-0.02,-0.0044,2023-05-25
2689,sz000761,3.99,3.99,3.9,3.94,9631944.0,3.96,-0.02,-0.0051,2023-05-25
2690,sz000762,32.87,32.95,32.2,32.47,7873646.0,33.13,-0.66,-0.0199,2023-05-25
2691,sz000766,5.04,5.09,4.98,5.02,4872816.0,5.05,-0.03,-0.0059,2023-05-25
2692,sz000767,3.23,3.31,3.22,3.29,24939138.0,3.26,0.03,0.0092,2023-05-25
2693,sz000768,24.83,25.2,24.7,25.06,12667627.0,24.96,0.1,0.004,2023-05-25
2694,sz000776,14.91,15.03,14.85,15.02,41553134.0,14.91,0.11,0.0074,2023-05-25
2695,sz000777,12.62,13.44,12.56,13.21,21695213.0,12.55,0.66,0.0526,2023-05-25
2696,sz000778,4.03,4.08,3.99,4.04,42714122.0,4.02,0.02,0.005,2023-05-25
2697,sz000779,10.61,10.78,10.5,10.67,3665500.0,10.61,0.06,0.0057,2023-05-25
2698,sz000782,5.45,5.48,5.31,5.34,10754802.0,5.49,-0.15,-0.0273,2023-05-25
2699,sz000783,5.78,5.84,5.75,5.82,21903008.0,5.79,0.03,0.0052,2023-05-25
2700,sz000785,3.89,3.92,3.82,3.87,14217017.0,3.92,-0.05,-0.0128,2023-05-25
2701,sz000786,23.78,24.09,23.54,23.82,6154080.0,23.77,0.05,0.0021,2023-05-25
2702,sz000788,6.98,7.0,6.82,6.91,4937327.0,6.99,-0.08,-0.0114,2023-05-25
2703,sz000789,8.14,8.25,8.0,8.07,4743472.0,8.19,-0.12,-0.0147,2023-05-25
2704,sz000790,5.08,5.09,4.94,4.97,12931645.0,5.02,-0.05,-0.01,2023-05-25
2705,sz000791,5.26,5.42,5.24,5.34,12134040.0,5.26,0.08,0.0152,2023-05-25
2706,sz000792,20.15,20.23,19.5,19.67,28916695.0,20.23,-0.56,-0.0277,2023-05-25
2707,sz000793,2.32,2.34,2.24,2.29,42986526.0,2.32,-0.03,-0.0129,2023-05-25
2708,sz000795,6.19,6.19,6.07,6.15,7121984.0,6.15,0.0,0.0,2023-05-25
2709,sz000796,3.58,3.66,3.49,3.49,12457866.0,3.67,-0.18,-0.049,2023-05-25
2710,sz000797,2.86,2.91,2.85,2.9,15228653.0,2.87,0.03,0.0105,2023-05-25
2711,sz000798,10.65,10.96,10.19,10.3,20568475.0,11.24,-0.94,-0.0836,2023-05-25
2712,sz000799,103.0,103.4,101.28,102.27,4134728.0,103.5,-1.23,-0.0119,2023-05-25
2713,sz000800,8.18,8.23,8.1,8.17,5459760.0,8.2,-0.03,-0.0037,2023-05-25
2714,sz000801,6.84,6.88,6.78,6.87,5751202.0,6.83,0.04,0.0059,2023-05-25
2715,sz000802,6.12,6.14,5.68,5.81,23856900.0,6.12,-0.31,-0.0507,2023-05-25
2716,sz000803,11.37,11.37,11.08,11.19,2168082.0,11.33,-0.14,-0.0124,2023-05-25
2717,sz000806,0.0,0.0,0.0,0.0,0.0,1.0,-1.0,-1.0,2023-05-25
2718,sz000807,12.18,12.22,11.83,12.02,31528826.0,12.22,-0.2,-0.0164,2023-05-25
2719,sz000809,3.94,3.97,3.91,3.93,2862847.0,3.93,0.0,0.0,2023-05-25
2720,sz000810,15.61,15.96,15.51,15.8,10992500.0,15.62,0.18,0.0115,2023-05-25
2721,sz000811,14.16,14.4,14.01,14.37,9148536.0,14.16,0.21,0.0148,2023-05-25
2722,sz000812,5.21,5.23,5.09,5.18,12923753.0,5.2,-0.02,-0.0038,2023-05-25
2723,sz000813,3.21,3.22,3.15,3.2,11723508.0,3.21,-0.01,-0.0031,2023-05-25
2724,sz000815,10.72,10.87,10.4,10.55,11512308.0,10.68,-0.13,-0.0122,2023-05-25
2725,sz000816,3.29,3.29,3.23,3.26,9483642.0,3.28,-0.02,-0.0061,2023-05-25
2726,sz000818,36.37,37.18,35.85,36.62,7438000.0,35.85,0.77,0.0215,2023-05-25
2727,sz000819,18.99,20.0,18.99,19.62,8457720.0,18.95,0.67,0.0354,2023-05-25
2728,sz000820,3.86,3.91,3.81,3.9,3648700.0,3.86,0.04,0.0104,2023-05-25
2729,sz000821,19.6,20.83,19.35,19.97,70591689.0,19.86,0.11,0.0055,2023-05-25
2730,sz000822,6.96,6.97,6.87,6.9,7132777.0,6.96,-0.06,-0.0086,2023-05-25
2731,sz000823,9.42,9.49,9.21,9.35,5522546.0,9.38,-0.03,-0.0032,2023-05-25
2732,sz000825,3.93,3.96,3.91,3.94,20557640.0,3.93,0.01,0.0025,2023-05-25
2733,sz000826,3.06,3.09,3.03,3.09,11525821.0,3.07,0.02,0.0065,2023-05-25
2734,sz000828,9.44,9.54,9.37,9.44,4046700.0,9.47,-0.03,-0.0032,2023-05-25
2735,sz000829,9.5,9.6,9.3,9.38,9670760.0,9.5,-0.12,-0.0126,2023-05-25
2736,sz000830,10.64,10.66,10.43,10.53,14929019.0,10.68,-0.15,-0.014,2023-05-25
2737,sz000831,31.5,31.85,30.9,31.28,10497092.0,31.58,-0.3,-0.0095,2023-05-25
2738,sz000833,6.69,6.73,6.59,6.64,10475333.0,6.77,-0.13,-0.0192,2023-05-25
2739,sz000836,2.88,2.91,2.73,2.81,35313163.0,2.88,-0.07,-0.0243,2023-05-25
2740,sz000837,11.8,12.34,11.71,12.01,38106473.0,11.96,0.05,0.0042,2023-05-25
2741,sz000838,3.6,3.63,3.41,3.49,33253929.0,3.6,-0.11,-0.0306,2023-05-25
2742,sz000839,2.12,2.13,2.05,2.06,21981151.0,2.13,-0.07,-0.0329,2023-05-25
2743,sz000848,8.67,8.67,8.47,8.57,21549427.0,8.75,-0.18,-0.0206,2023-05-25
2744,sz000850,3.78,3.8,3.73,3.77,3654401.0,3.77,0.0,0.0,2023-05-25
2745,sz000851,5.3,5.39,5.19,5.26,20321260.0,5.29,-0.03,-0.0057,2023-05-25
2746,sz000852,6.97,7.09,6.93,7.01,7395616.0,7.02,-0.01,-0.0014,2023-05-25
2747,sz000856,8.27,8.3,8.12,8.28,5165869.0,8.27,0.01,0.0012,2023-05-25
2748,sz000858,169.42,169.68,167.45,168.2,14392525.0,170.35,-2.15,-0.0126,2023-05-25
2749,sz000859,5.13,5.17,5.02,5.07,9057806.0,5.17,-0.1,-0.0193,2023-05-25
2750,sz000860,33.27,33.45,32.92,33.24,4893459.0,33.3,-0.06,-0.0018,2023-05-25
2751,sz000861,1.96,1.98,1.94,1.95,19518262.0,1.97,-0.02,-0.0102,2023-05-25
2752,sz000862,7.22,7.67,7.22,7.59,23571172.0,7.29,0.3,0.0412,2023-05-25
2753,sz000863,3.45,3.52,3.43,3.49,9426999.0,3.46,0.03,0.0087,2023-05-25
2754,sz000868,5.35,5.36,5.19,5.26,19170352.0,5.38,-0.12,-0.0223,2023-05-25
2755,sz000869,30.38,30.44,29.83,30.06,927601.0,30.42,-0.36,-0.0118,2023-05-25
2756,sz000875,5.51,5.66,5.51,5.62,39196811.0,5.52,0.1,0.0181,2023-05-25
2757,sz000876,12.0,12.04,11.62,11.65,23894725.0,11.99,-0.34,-0.0284,2023-05-25
2758,sz000877,8.05,8.12,8.0,8.08,8248493.0,8.1,-0.02,-0.0025,2023-05-25
2759,sz000878,10.87,10.95,10.74,10.91,15187992.0,10.95,-0.04,-0.0037,2023-05-25
2760,sz000880,10.33,10.4,10.19,10.33,2680220.0,10.36,-0.03,-0.0029,2023-05-25
2761,sz000881,7.82,7.96,7.77,7.87,3919900.0,7.82,0.05,0.0064,2023-05-25
2762,sz000882,1.68,1.68,1.64,1.67,22770500.0,1.68,-0.01,-0.006,2023-05-25
2763,sz000883,4.53,4.61,4.52,4.58,16216522.0,4.53,0.05,0.011,2023-05-25
2764,sz000885,13.23,13.28,12.98,13.25,8258785.0,13.12,0.13,0.0099,2023-05-25
2765,sz000886,5.2,5.2,5.1,5.18,7650221.0,5.18,0.0,0.0,2023-05-25
2766,sz000887,12.27,12.33,12.05,12.22,14384090.0,12.31,-0.09,-0.0073,2023-05-25
2767,sz000888,9.18,9.2,8.81,8.96,11493000.0,9.17,-0.21,-0.0229,2023-05-25
2768,sz000889,1.55,1.55,1.49,1.49,9886700.0,1.57,-0.08,-0.051,2023-05-25
2769,sz000890,4.27,4.34,4.24,4.31,6895700.0,4.31,0.0,0.0,2023-05-25
2770,sz000892,4.07,4.13,3.98,4.1,39237600.0,4.1,0.0,0.0,2023-05-25
2771,sz000893,23.42,23.58,22.88,23.11,4990667.0,23.52,-0.41,-0.0174,2023-05-25
2772,sz000895,24.96,25.07,24.8,24.97,6199772.0,25.03,-0.06,-0.0024,2023-05-25
2773,sz000897,1.97,1.97,1.91,1.94,17498457.0,1.97,-0.03,-0.0152,2023-05-25
2774,sz000898,2.74,2.77,2.71,2.74,35505860.0,2.75,-0.01,-0.0036,2023-05-25
2775,sz000899,8.81,9.3,8.8,9.24,39192425.0,8.88,0.36,0.0405,2023-05-25
2776,sz000900,4.2,4.23,4.16,4.2,10662300.0,4.2,0.0,0.0,2023-05-25
2777,sz000901,9.56,9.75,9.45,9.6,8258036.0,9.65,-0.05,-0.0052,2023-05-25
2778,sz000902,10.69,10.73,10.56,10.7,5782826.0,10.7,0.0,0.0,2023-05-25
2779,sz000903,2.43,2.46,2.39,2.42,11070756.0,2.44,-0.02,-0.0082,2023-05-25
2780,sz000905,7.28,7.34,7.22,7.32,9094054.0,7.3,0.02,0.0027,2023-05-25
2781,sz000906,9.68,9.71,9.46,9.58,7137370.0,9.71,-0.13,-0.0134,2023-05-25
2782,sz000908,2.9,2.9,2.81,2.85,7001703.0,2.89,-0.04,-0.0138,2023-05-25
2783,sz000909,5.82,5.9,5.57,5.68,16597006.0,5.86,-0.18,-0.0307,2023-05-25
2784,sz000910,8.0,8.03,7.84,7.94,4845752.0,8.04,-0.1,-0.0124,2023-05-25
2785,sz000911,11.18,11.18,10.26,10.26,28616863.0,11.4,-1.14,-0.1,2023-05-25
2786,sz000912,4.63,4.65,4.46,4.53,14322713.0,4.67,-0.14,-0.03,2023-05-25
2787,sz000913,19.2,19.58,18.9,19.21,4491895.0,19.31,-0.1,-0.0052,2023-05-25
2788,sz000915,36.36,36.62,35.72,36.0,2153800.0,36.6,-0.6,-0.0164,2023-05-25
2789,sz000917,5.3,5.42,5.25,5.37,23235645.0,5.3,0.07,0.0132,2023-05-25
2790,sz000918,0.61,0.61,0.61,0.61,449800.0,0.64,-0.03,-0.0469,2023-05-25
2791,sz000919,8.1,8.18,8.02,8.08,5196401.0,8.12,-0.04,-0.0049,2023-05-25
2792,sz000920,9.45,9.47,9.26,9.42,3636101.0,9.36,0.06,0.0064,2023-05-25
2793,sz000921,23.43,24.42,23.13,24.38,10480931.0,23.64,0.74,0.0313,2023-05-25
2794,sz000922,12.87,12.99,12.6,12.76,8187353.0,12.92,-0.16,-0.0124,2023-05-25
2795,sz000923,12.82,12.91,12.51,12.7,5514240.0,12.86,-0.16,-0.0124,2023-05-25
2796,sz000925,7.73,7.87,7.56,7.84,17401080.0,7.74,0.1,0.0129,2023-05-25
2797,sz000926,4.05,4.1,4.04,4.08,9205600.0,4.06,0.02,0.0049,2023-05-25
2798,sz000927,2.87,2.9,2.83,2.9,33674257.0,2.88,0.02,0.0069,2023-05-25
2799,sz000928,8.44,8.56,8.27,8.39,31981756.0,8.51,-0.12,-0.0141,2023-05-25
2800,sz000929,9.68,9.68,9.44,9.54,5542318.0,9.71,-0.17,-0.0175,2023-05-25
2801,sz000930,8.05,8.05,7.8,7.92,10420100.0,8.05,-0.13,-0.0161,2023-05-25
2802,sz000931,5.76,5.77,5.64,5.71,4817703.0,5.78,-0.07,-0.0121,2023-05-25
2803,sz000932,4.78,4.8,4.7,4.75,33399609.0,4.78,-0.03,-0.0063,2023-05-25
2804,sz000933,13.27,13.33,13.01,13.17,20925414.0,13.26,-0.09,-0.0068,2023-05-25
2805,sz000935,17.2,17.3,16.82,17.04,3407259.0,17.21,-0.17,-0.0099,2023-05-25
2806,sz000936,6.5,6.65,6.17,6.42,45085407.0,6.3,0.12,0.019,2023-05-25
2807,sz000937,7.54,7.58,7.39,7.5,29670233.0,7.58,-0.08,-0.0106,2023-05-25
2808,sz000938,28.34,29.65,28.21,29.02,72651624.0,27.31,1.71,0.0626,2023-05-25
2809,sz000948,18.1,18.24,17.57,17.91,7424264.0,18.12,-0.21,-0.0116,2023-05-25
2810,sz000949,3.29,3.29,3.22,3.24,8487330.0,3.29,-0.05,-0.0152,2023-05-25
2811,sz000950,6.98,7.06,6.64,6.8,55110847.0,7.14,-0.34,-0.0476,2023-05-25
2812,sz000951,14.48,14.59,14.22,14.39,8492095.0,14.6,-0.21,-0.0144,2023-05-25
2813,sz000952,7.11,7.18,7.04,7.11,2619149.0,7.1,0.01,0.0014,2023-05-25
2814,sz000953,5.82,5.85,5.66,5.77,13591300.0,5.86,-0.09,-0.0154,2023-05-25
2815,sz000955,4.46,4.5,4.4,4.48,4483978.0,4.43,0.05,0.0113,2023-05-25
2816,sz000957,10.06,10.2,9.81,9.97,23388084.0,10.09,-0.12,-0.0119,2023-05-25
2817,sz000958,4.46,4.52,4.44,4.51,13968364.0,4.47,0.04,0.0089,2023-05-25
2818,sz000959,3.58,3.59,3.52,3.56,13208692.0,3.59,-0.03,-0.0084,2023-05-25
2819,sz000960,13.82,14.13,13.66,14.04,22490294.0,13.86,0.18,0.013,2023-05-25
2820,sz000961,1.41,1.48,1.41,1.45,93715393.0,1.49,-0.04,-0.0268,2023-05-25
2821,sz000962,11.05,11.05,10.7,10.9,4013000.0,11.01,-0.11,-0.01,2023-05-25
2822,sz000963,43.04,43.12,41.96,42.31,6805520.0,43.04,-0.73,-0.017,2023-05-25
2823,sz000965,3.92,4.02,3.91,3.98,18148025.0,3.95,0.03,0.0076,2023-05-25
2824,sz000966,5.5,5.68,5.47,5.61,42471036.0,5.56,0.05,0.009,2023-05-25
2825,sz000967,5.35,5.37,5.26,5.36,9853825.0,5.36,0.0,0.0,2023-05-25
2826,sz000968,7.87,8.12,7.79,8.1,8528357.0,7.92,0.18,0.0227,2023-05-25
2827,sz000969,8.94,9.04,8.8,8.91,9145536.0,8.99,-0.08,-0.0089,2023-05-25
2828,sz000970,11.94,12.03,11.81,11.91,7920314.0,11.94,-0.03,-0.0025,2023-05-25
2829,sz000971,1.54,1.59,1.51,1.56,14122060.0,1.55,0.01,0.0065,2023-05-25
2830,sz000972,3.55,3.64,3.51,3.59,13017693.0,3.57,0.02,0.0056,2023-05-25
2831,sz000973,4.54,4.6,4.5,4.59,7017273.0,4.54,0.05,0.011,2023-05-25
2832,sz000975,12.3,12.3,12.05,12.24,22665681.0,12.46,-0.22,-0.0177,2023-05-25
2833,sz000976,1.98,2.02,1.94,1.96,64506277.0,2.04,-0.08,-0.0392,2023-05-25
2834,sz000977,39.8,40.8,38.2,39.92,158838538.0,37.15,2.77,0.0746,2023-05-25
2835,sz000978,7.13,7.16,6.9,7.04,6997600.0,7.16,-0.12,-0.0168,2023-05-25
2836,sz000980,2.68,2.7,2.61,2.64,75013611.0,2.68,-0.04,-0.0149,2023-05-25
2837,sz000981,1.6,1.62,1.6,1.61,21735462.0,1.6,0.01,0.0063,2023-05-25
2838,sz000982,1.58,1.59,1.55,1.56,45510864.0,1.59,-0.03,-0.0189,2023-05-25
2839,sz000983,10.28,10.31,10.05,10.19,28119732.0,10.3,-0.11,-0.0107,2023-05-25
2840,sz000985,15.8,15.8,15.35,15.61,1264900.0,15.72,-0.11,-0.007,2023-05-25
2841,sz000987,6.68,6.77,6.65,6.77,24586898.0,6.68,0.09,0.0135,2023-05-25
2842,sz000988,30.88,32.2,29.51,30.56,104491505.0,29.55,1.01,0.0342,2023-05-25
2843,sz000989,12.14,12.35,11.99,12.24,13237957.0,12.14,0.1,0.0082,2023-05-25
2844,sz000990,8.15,8.21,8.08,8.17,4549134.0,8.19,-0.02,-0.0024,2023-05-25
2845,sz000993,11.2,12.25,11.05,12.08,63552433.0,11.35,0.73,0.0643,2023-05-25
2846,sz000995,18.26,18.45,18.02,18.04,1595700.0,18.3,-0.26,-0.0142,2023-05-25
2847,sz000996,3.65,3.65,3.54,3.54,15566418.0,3.73,-0.19,-0.0509,2023-05-25
2848,sz000997,16.88,17.28,16.58,16.88,9519130.0,16.89,-0.01,-0.0006,2023-05-25
2849,sz000998,14.78,14.91,14.44,14.61,12189149.0,14.8,-0.19,-0.0128,2023-05-25
2850,sz000999,63.45,63.83,62.12,63.28,5462191.0,63.42,-0.14,-0.0022,2023-05-25
2851,sz001201,24.29,24.29,23.7,23.83,750784.0,24.32,-0.49,-0.0201,2023-05-25
2852,sz001202,14.8,14.87,14.57,14.82,920600.0,14.7,0.12,0.0082,2023-05-25
2853,sz001203,11.4,11.58,11.37,11.56,2494780.0,11.5,0.06,0.0052,2023-05-25
2854,sz001205,20.32,20.65,20.28,20.48,989400.0,20.48,0.0,0.0,2023-05-25
2855,sz001206,15.32,15.39,15.06,15.27,912443.0,15.41,-0.14,-0.0091,2023-05-25
2856,sz001207,15.88,15.98,15.35,15.9,4001060.0,16.03,-0.13,-0.0081,2023-05-25
2857,sz001208,9.8,10.4,9.76,10.11,10498467.0,9.8,0.31,0.0316,2023-05-25
2858,sz001209,15.94,16.06,15.72,16.04,1263280.0,15.98,0.06,0.0038,2023-05-25
2859,sz001210,26.57,28.68,26.31,27.57,3772700.0,26.59,0.98,0.0369,2023-05-25
2860,sz001211,22.04,22.19,21.89,22.15,459528.0,22.01,0.14,0.0064,2023-05-25
2861,sz001212,26.99,27.23,26.85,27.19,1325784.0,27.02,0.17,0.0063,2023-05-25
2862,sz001213,4.55,4.6,4.5,4.55,21084170.0,4.57,-0.02,-0.0044,2023-05-25
2863,sz001215,67.94,70.54,67.74,68.29,706471.0,68.1,0.19,0.0028,2023-05-25
2864,sz001216,13.16,13.18,12.93,13.13,1429060.0,13.14,-0.01,-0.0008,2023-05-25
2865,sz001217,12.02,12.02,11.87,11.99,911810.0,11.96,0.03,0.0025,2023-05-25
2866,sz001218,23.01,23.23,22.73,23.06,1057156.0,23.02,0.04,0.0017,2023-05-25
2867,sz001219,23.68,23.68,23.29,23.61,1951808.0,23.87,-0.26,-0.0109,2023-05-25
2868,sz001222,21.76,21.76,21.3,21.69,723477.0,21.78,-0.09,-0.0041,2023-05-25
2869,sz001223,72.29,72.29,70.21,70.9,649500.0,72.29,-1.39,-0.0192,2023-05-25
2870,sz001225,46.48,47.18,46.28,46.67,556300.0,46.71,-0.04,-0.0009,2023-05-25
2871,sz001226,28.28,28.65,28.13,28.63,626307.0,28.34,0.29,0.0102,2023-05-25
2872,sz001227,2.95,2.97,2.92,2.95,25632116.0,2.95,0.0,0.0,2023-05-25
2873,sz001228,39.72,39.72,38.79,39.41,1450842.0,39.81,-0.4,-0.01,2023-05-25
2874,sz001229,34.65,34.93,33.93,34.23,1171400.0,34.34,-0.11,-0.0032,2023-05-25
2875,sz001230,24.97,25.31,24.97,25.31,573549.0,24.92,0.39,0.0157,2023-05-25
2876,sz001231,21.49,21.73,21.45,21.66,631010.0,21.42,0.24,0.0112,2023-05-25
2877,sz001234,22.19,22.46,21.76,22.3,899300.0,22.2,0.1,0.0045,2023-05-25
2878,sz001236,14.17,15.7,14.14,15.7,34067209.0,14.27,1.43,0.1002,2023-05-25
2879,sz001238,23.04,23.56,22.85,23.24,1533248.0,22.95,0.29,0.0126,2023-05-25
2880,sz001255,43.17,45.58,43.1,44.45,3593681.0,43.76,0.69,0.0158,2023-05-25
2881,sz001256,18.4,18.68,18.31,18.65,1540194.0,18.35,0.3,0.0163,2023-05-25
2882,sz001258,9.93,10.45,9.93,10.36,22694769.0,10.0,0.36,0.036,2023-05-25
2883,sz001259,29.23,30.96,29.09,30.6,5009684.0,29.48,1.12,0.038,2023-05-25
2884,sz001260,21.8,21.93,21.48,21.92,1405665.0,21.8,0.12,0.0055,2023-05-25
2885,sz001266,28.31,28.35,27.5,27.9,2248971.0,28.5,-0.6,-0.0211,2023-05-25
2886,sz001267,5.77,5.92,5.76,5.91,4971982.0,5.77,0.14,0.0243,2023-05-25
2887,sz001268,22.47,22.55,22.21,22.5,531500.0,22.55,-0.05,-0.0022,2023-05-25
2888,sz001269,90.71,95.66,88.82,92.15,6527929.0,92.55,-0.4,-0.0043,2023-05-25
2889,sz001270,82.4,83.6,81.07,81.72,1048989.0,82.58,-0.86,-0.0104,2023-05-25
2890,sz001278,21.29,21.72,21.29,21.69,1542723.0,21.5,0.19,0.0088,2023-05-25
2891,sz001282,28.2,36.66,27.72,34.18,17343072.0,30.15,4.03,0.1337,2023-05-25
2892,sz001283,49.28,50.28,48.51,49.99,669935.0,49.26,0.73,0.0148,2023-05-25
2893,sz001286,10.7,11.08,10.65,11.03,90317832.0,10.77,0.26,0.0241,2023-05-25
2894,sz001287,27.53,27.88,26.51,27.45,26714525.0,27.0,0.45,0.0167,2023-05-25
2895,sz001288,17.44,17.44,16.86,17.3,3780065.0,17.46,-0.16,-0.0092,2023-05-25
2896,sz001289,19.79,20.4,19.52,20.26,20811582.0,20.01,0.25,0.0125,2023-05-25
2897,sz001296,19.62,19.77,19.4,19.72,956508.0,19.62,0.1,0.0051,2023-05-25
2898,sz001298,23.96,24.46,23.6,24.13,2211773.0,24.09,0.04,0.0017,2023-05-25
2899,sz001299,16.02,17.61,15.97,17.61,5841454.0,16.01,1.6,0.0999,2023-05-25
2900,sz001300,12.85,13.39,12.82,13.12,2389752.0,12.99,0.13,0.01,2023-05-25
2901,sz001301,71.15,72.09,69.74,70.86,1133554.0,71.46,-0.6,-0.0084,2023-05-25
2902,sz001308,27.54,27.76,26.9,27.44,1904209.0,27.56,-0.12,-0.0044,2023-05-25
2903,sz001309,84.0,87.36,81.94,83.5,4420040.0,87.0,-3.5,-0.0402,2023-05-25
2904,sz001311,73.95,74.25,72.25,73.1,1198385.0,73.74,-0.64,-0.0087,2023-05-25
2905,sz001313,9.06,9.07,8.89,8.96,832361.0,9.01,-0.05,-0.0055,2023-05-25
2906,sz001314,40.58,43.0,40.51,41.2,2771188.0,40.71,0.49,0.012,2023-05-25
2907,sz001316,36.55,36.67,35.93,36.36,404500.0,36.56,-0.2,-0.0055,2023-05-25
2908,sz001317,38.0,38.0,36.84,37.83,2882351.0,38.13,-0.3,-0.0079,2023-05-25
2909,sz001318,13.79,13.85,13.55,13.69,1629100.0,13.8,-0.11,-0.008,2023-05-25
2910,sz001319,19.97,20.4,19.81,20.4,1250760.0,20.07,0.33,0.0164,2023-05-25
2911,sz001322,17.64,17.9,17.13,17.58,2634248.0,17.73,-0.15,-0.0085,2023-05-25
2912,sz001323,33.0,33.17,32.27,32.87,1812679.0,33.1,-0.23,-0.0069,2023-05-25
2913,sz001324,21.73,26.98,21.5,24.45,18607114.0,22.22,2.23,0.1004,2023-05-25
2914,sz001328,38.62,40.04,38.07,39.76,16197626.0,37.32,2.44,0.0654,2023-05-25
2915,sz001330,9.15,9.19,8.6,8.9,18658319.0,9.18,-0.28,-0.0305,2023-05-25
2916,sz001331,26.14,28.73,26.06,28.73,3692760.0,26.12,2.61,0.0999,2023-05-25
2917,sz001332,42.9,44.08,42.61,44.03,763776.0,43.04,0.99,0.023,2023-05-25
2918,sz001333,26.68,26.77,26.25,26.43,743279.0,26.68,-0.25,-0.0094,2023-05-25
2919,sz001336,29.36,29.68,29.02,29.28,933074.0,29.4,-0.12,-0.0041,2023-05-25
2920,sz001337,33.03,33.03,31.83,32.41,11576024.0,34.15,-1.74,-0.051,2023-05-25
2921,sz001338,18.0,18.08,17.5,17.65,17724470.0,18.22,-0.57,-0.0313,2023-05-25
2922,sz001339,28.1,28.25,26.7,27.31,7575812.0,27.77,-0.46,-0.0166,2023-05-25
2923,sz001360,18.9,19.45,18.88,19.32,5810377.0,19.12,0.2,0.0105,2023-05-25
2924,sz001366,16.22,16.22,15.82,16.06,2502096.0,16.26,-0.2,-0.0123,2023-05-25
2925,sz001367,52.2,52.86,50.81,51.79,2064758.0,52.59,-0.8,-0.0152,2023-05-25
2926,sz001368,25.52,25.52,24.82,25.17,1749351.0,25.2,-0.03,-0.0012,2023-05-25
2927,sz001380,29.3,29.89,28.47,29.45,9966713.0,28.18,1.27,0.0451,2023-05-25
2928,sz001696,6.76,6.79,6.61,6.68,8581952.0,6.66,0.02,0.003,2023-05-25
2929,sz001872,16.55,16.72,16.25,16.5,3217056.0,16.65,-0.15,-0.009,2023-05-25
2930,sz001896,4.77,4.91,4.76,4.83,28991187.0,4.81,0.02,0.0042,2023-05-25
2931,sz001914,15.0,15.07,14.68,14.84,3035679.0,15.08,-0.24,-0.0159,2023-05-25
2932,sz001965,8.54,8.85,8.47,8.83,11912273.0,8.54,0.29,0.034,2023-05-25
2933,sz001979,12.21,12.5,12.11,12.35,34552689.0,12.32,0.03,0.0024,2023-05-25
2934,sz002001,16.5,16.57,16.16,16.21,11770235.0,16.51,-0.3,-0.0182,2023-05-25
2935,sz002002,2.27,2.28,2.22,2.25,43252097.0,2.28,-0.03,-0.0132,2023-05-25
2936,sz002003,9.13,9.19,8.98,9.11,2915742.0,9.18,-0.07,-0.0076,2023-05-25
2937,sz002004,5.22,5.23,5.12,5.16,12537226.0,5.21,-0.05,-0.0096,2023-05-25
2938,sz002005,1.4,1.41,1.33,1.35,13971500.0,1.4,-0.05,-0.0357,2023-05-25
2939,sz002006,22.59,23.87,22.31,22.91,18823978.0,22.7,0.21,0.0093,2023-05-25
2940,sz002007,22.12,22.21,21.87,22.03,8209805.0,22.25,-0.22,-0.0099,2023-05-25
2941,sz002008,24.38,24.77,24.12,24.43,13245670.0,24.5,-0.07,-0.0029,2023-05-25
2942,sz002009,12.49,12.65,12.42,12.61,2882910.0,12.55,0.06,0.0048,2023-05-25
2943,sz002010,5.39,5.44,5.36,5.43,9221628.0,5.39,0.04,0.0074,2023-05-25
2944,sz002011,12.58,12.73,12.38,12.61,8410983.0,12.63,-0.02,-0.0016,2023-05-25
2945,sz002012,6.01,6.04,5.91,6.01,7344910.0,6.04,-0.03,-0.005,2023-05-25
2946,sz002014,8.52,8.67,8.46,8.57,3030500.0,8.57,0.0,0.0,2023-05-25
2947,sz002015,13.96,14.69,13.62,13.92,57502477.0,13.69,0.23,0.0168,2023-05-25
2948,sz002016,6.9,6.91,6.79,6.86,4433401.0,6.93,-0.07,-0.0101,2023-05-25
2949,sz002017,14.6,14.92,14.38,14.62,6649303.0,14.66,-0.04,-0.0027,2023-05-25
2950,sz002019,15.33,15.4,15.05,15.19,6001532.0,15.38,-0.19,-0.0124,2023-05-25
2951,sz002020,15.0,15.16,14.68,14.84,10690079.0,15.04,-0.2,-0.0133,2023-05-25
2952,sz002021,1.62,1.63,1.56,1.56,14277200.0,1.64,-0.08,-0.0488,2023-05-25
2953,sz002022,11.11,11.14,10.81,10.89,4174102.0,11.11,-0.22,-0.0198,2023-05-25
2954,sz002023,8.51,8.64,8.45,8.54,3582988.0,8.57,-0.03,-0.0035,2023-05-25
2955,sz002024,1.99,2.0,1.9,1.94,27035970.0,1.99,-0.05,-0.0251,2023-05-25
2956,sz002025,63.2,64.89,63.2,64.75,1514331.0,63.56,1.19,0.0187,2023-05-25
2957,sz002026,9.06,9.17,8.99,9.1,3500819.0,9.06,0.04,0.0044,2023-05-25
2958,sz002027,6.5,6.52,6.38,6.47,90570802.0,6.52,-0.05,-0.0077,2023-05-25
2959,sz002028,46.29,46.93,46.01,46.85,3671687.0,46.59,0.26,0.0056,2023-05-25
2960,sz002029,6.35,6.36,6.22,6.31,8703859.0,6.35,-0.04,-0.0063,2023-05-25
2961,sz002030,12.58,12.59,12.36,12.45,8962255.0,12.58,-0.13,-0.0103,2023-05-25
2962,sz002031,3.19,3.31,3.13,3.26,235398710.0,3.27,-0.01,-0.0031,2023-05-25
2963,sz002032,52.53,52.82,51.78,52.82,1670217.0,52.75,0.07,0.0013,2023-05-25
2964,sz002033,9.71,9.79,9.49,9.66,8238166.0,9.76,-0.1,-0.0102,2023-05-25
2965,sz002034,16.87,16.98,16.75,16.94,1606616.0,16.9,0.04,0.0024,2023-05-25
2966,sz002035,7.14,7.25,7.12,7.22,9077536.0,7.16,0.06,0.0084,2023-05-25
2967,sz002036,8.85,8.98,8.75,8.9,13810177.0,8.9,0.0,0.0,2023-05-25
2968,sz002037,8.75,8.81,8.58,8.69,4422414.0,8.76,-0.07,-0.008,2023-05-25
2969,sz002038,9.37,9.4,9.19,9.27,9883480.0,9.37,-0.1,-0.0107,2023-05-25
2970,sz002039,14.26,14.5,14.22,14.49,2280100.0,14.3,0.19,0.0133,2023-05-25
2971,sz002040,6.99,7.0,6.8,6.94,3308313.0,6.99,-0.05,-0.0072,2023-05-25
2972,sz002041,15.69,15.78,15.39,15.5,3351839.0,15.69,-0.19,-0.0121,2023-05-25
2973,sz002042,3.13,3.28,3.11,3.24,40488929.0,3.12,0.12,0.0385,2023-05-25
2974,sz002043,9.89,9.97,9.76,9.9,7419872.0,9.94,-0.04,-0.004,2023-05-25
2975,sz002044,6.35,6.44,6.21,6.28,28552401.0,6.33,-0.05,-0.0079,2023-05-25
2976,sz002045,16.89,17.15,15.8,16.07,46647937.0,16.56,-0.49,-0.0296,2023-05-25
2977,sz002046,11.5,11.66,11.24,11.39,5766537.0,11.54,-0.15,-0.013,2023-05-25
2978,sz002047,3.16,3.23,3.13,3.16,10635566.0,3.17,-0.01,-0.0032,2023-05-25
2979,sz002048,12.93,12.96,12.7,12.87,4256142.0,12.89,-0.02,-0.0016,2023-05-25
2980,sz002049,94.07,95.55,93.39,94.86,10661747.0,93.96,0.9,0.0096,2023-05-25
2981,sz002050,24.99,25.83,24.55,25.77,22800630.0,25.06,0.71,0.0283,2023-05-25
2982,sz002051,11.14,11.22,10.82,11.06,29158876.0,11.12,-0.06,-0.0054,2023-05-25
2983,sz002052,2.03,2.06,1.98,2.01,5342493.0,2.04,-0.03,-0.0147,2023-05-25
2984,sz002053,10.66,10.91,10.54,10.87,6882716.0,10.73,0.14,0.013,2023-05-25
2985,sz002054,7.14,7.17,7.05,7.11,1464190.0,7.14,-0.03,-0.0042,2023-05-25
2986,sz002055,8.58,8.6,8.39,8.5,10237389.0,8.54,-0.04,-0.0047,2023-05-25
2987,sz002056,18.49,19.03,18.42,18.75,20444000.0,18.62,0.13,0.007,2023-05-25
2988,sz002057,9.95,10.1,9.86,10.07,10982908.0,10.06,0.01,0.001,2023-05-25
2989,sz002058,11.48,11.76,11.38,11.49,1732700.0,11.42,0.07,0.0061,2023-05-25
2990,sz002059,6.38,6.38,6.15,6.21,9065202.0,6.39,-0.18,-0.0282,2023-05-25
2991,sz002060,6.29,6.45,6.26,6.39,15715200.0,6.25,0.14,0.0224,2023-05-25
2992,sz002061,5.81,5.95,5.8,5.89,19909455.0,5.83,0.06,0.0103,2023-05-25
2993,sz002062,5.18,5.36,5.17,5.28,14382718.0,5.17,0.11,0.0213,2023-05-25
2994,sz002063,8.24,8.3,8.0,8.1,26614523.0,8.26,-0.16,-0.0194,2023-05-25
2995,sz002064,6.84,6.87,6.74,6.8,8185467.0,6.87,-0.07,-0.0102,2023-05-25
2996,sz002065,6.91,7.01,6.73,6.88,37162700.0,6.92,-0.04,-0.0058,2023-05-25
2997,sz002066,11.46,11.46,11.27,11.39,2449832.0,11.46,-0.07,-0.0061,2023-05-25
2998,sz002067,3.51,3.52,3.43,3.47,8793400.0,3.51,-0.04,-0.0114,2023-05-25
2999,sz002068,9.64,9.97,9.32,9.42,21896182.0,9.58,-0.16,-0.0167,2023-05-25
3000,sz002069,3.99,4.1,3.97,4.1,7071952.0,4.02,0.08,0.0199,2023-05-25
3001,sz002072,6.65,6.67,6.46,6.53,2952208.0,6.67,-0.14,-0.021,2023-05-25
3002,sz002073,6.09,6.14,5.97,6.09,12165137.0,6.1,-0.01,-0.0016,2023-05-25
3003,sz002074,27.7,28.32,27.58,28.05,9579383.0,27.85,0.2,0.0072,2023-05-25
3004,sz002075,3.86,3.9,3.84,3.88,9375072.0,3.87,0.01,0.0026,2023-05-25
3005,sz002076,2.55,2.56,2.48,2.51,15720500.0,2.55,-0.04,-0.0157,2023-05-25
3006,sz002077,15.48,15.75,15.11,15.39,24530115.0,15.59,-0.2,-0.0128,2023-05-25
3007,sz002078,10.8,10.8,10.49,10.61,14598860.0,10.8,-0.19,-0.0176,2023-05-25
3008,sz002079,12.49,12.97,12.46,12.88,29420771.0,12.41,0.47,0.0379,2023-05-25
3009,sz002080,20.5,20.7,20.2,20.41,5538791.0,20.51,-0.1,-0.0049,2023-05-25
3010,sz002081,4.68,4.72,4.63,4.7,14077123.0,4.69,0.01,0.0021,2023-05-25
3011,sz002082,7.78,7.78,7.57,7.64,4051400.0,7.78,-0.14,-0.018,2023-05-25
3012,sz002083,4.55,5.03,4.54,5.03,58665690.0,4.57,0.46,0.1007,2023-05-25
3013,sz002084,3.94,3.96,3.89,3.94,7208016.0,3.94,0.0,0.0,2023-05-25
3014,sz002085,5.99,6.16,5.95,6.07,16666636.0,6.0,0.07,0.0117,2023-05-25
3015,sz002086,2.77,2.79,2.68,2.74,6753700.0,2.74,0.0,0.0,2023-05-25
3016,sz002087,1.76,1.77,1.7,1.7,32874182.0,1.79,-0.09,-0.0503,2023-05-25
3017,sz002088,19.06,19.23,18.83,18.96,1379080.0,19.11,-0.15,-0.0078,2023-05-25
3018,sz002089,0.89,0.9,0.88,0.89,30845196.0,0.88,0.01,0.0114,2023-05-25
3019,sz002090,12.89,13.5,12.81,13.4,41674712.0,12.88,0.52,0.0404,2023-05-25
3020,sz002091,8.06,8.09,8.0,8.03,6816713.0,8.08,-0.05,-0.0062,2023-05-25
3021,sz002092,6.94,6.96,6.78,6.86,15645734.0,6.96,-0.1,-0.0144,2023-05-25
3022,sz002093,7.5,7.6,7.32,7.44,13672096.0,7.49,-0.05,-0.0067,2023-05-25
3023,sz002094,3.72,3.72,3.62,3.67,8243029.0,3.7,-0.03,-0.0081,2023-05-25
3024,sz002095,20.73,21.21,20.4,21.0,11388363.0,20.75,0.25,0.012,2023-05-25
3025,sz002096,12.32,12.41,12.17,12.24,2563600.0,12.35,-0.11,-0.0089,2023-05-25
3026,sz002097,6.31,6.43,6.3,6.41,9135210.0,6.37,0.04,0.0063,2023-05-25
3027,sz002098,6.02,6.03,5.89,6.01,2455500.0,6.04,-0.03,-0.005,2023-05-25
3028,sz002099,8.55,8.7,8.5,8.67,17582832.0,8.55,0.12,0.014,2023-05-25
3029,sz002100,8.44,8.5,8.29,8.35,19680663.0,8.46,-0.11,-0.013,2023-05-25
3030,sz002101,17.4,17.79,17.16,17.48,9308302.0,17.45,0.03,0.0017,2023-05-25
3031,sz002102,3.42,3.59,3.41,3.55,39512500.0,3.41,0.14,0.0411,2023-05-25
3032,sz002103,5.58,5.65,5.44,5.55,9731975.0,5.6,-0.05,-0.0089,2023-05-25
3033,sz002104,8.35,8.46,8.19,8.32,12002574.0,8.38,-0.06,-0.0072,2023-05-25
3034,sz002105,5.94,5.98,5.87,5.94,1983860.0,5.93,0.01,0.0017,2023-05-25
3035,sz002106,8.27,8.38,8.18,8.3,5178640.0,8.27,0.03,0.0036,2023-05-25
3036,sz002107,6.78,6.79,6.61,6.7,5763369.0,6.75,-0.05,-0.0074,2023-05-25
3037,sz002108,4.46,4.48,4.4,4.44,8896123.0,4.47,-0.03,-0.0067,2023-05-25
3038,sz002109,4.42,4.42,4.3,4.35,3242457.0,4.43,-0.08,-0.0181,2023-05-25
3039,sz002110,4.42,4.43,4.34,4.4,7827803.0,4.41,-0.01,-0.0023,2023-05-25
3040,sz002111,9.29,9.29,9.13,9.26,2724722.0,9.22,0.04,0.0043,2023-05-25
3041,sz002112,10.64,11.1,10.6,11.0,29685995.0,10.63,0.37,0.0348,2023-05-25
3042,sz002113,0.74,0.74,0.74,0.74,874600.0,0.78,-0.04,-0.0513,2023-05-25
3043,sz002114,6.5,6.54,6.36,6.47,4790080.0,6.53,-0.06,-0.0092,2023-05-25
3044,sz002115,5.84,5.96,5.74,5.82,19343798.0,5.83,-0.01,-0.0017,2023-05-25
3045,sz002116,11.3,11.45,11.24,11.41,10049104.0,11.36,0.05,0.0044,2023-05-25
3046,sz002117,8.75,8.83,8.49,8.61,8838501.0,8.75,-0.14,-0.016,2023-05-25
3047,sz002118,0.78,0.78,0.78,0.78,916200.0,0.82,-0.04,-0.0488,2023-05-25
3048,sz002119,13.02,13.18,12.82,13.11,11138114.0,12.99,0.12,0.0092,2023-05-25
3049,sz002120,11.76,11.82,11.7,11.8,11961330.0,11.79,0.01,0.0008,2023-05-25
3050,sz002121,7.52,7.9,7.5,7.83,48889874.0,7.5,0.33,0.044,2023-05-25
3051,sz002122,4.4,4.5,4.25,4.36,81490553.0,4.47,-0.11,-0.0246,2023-05-25
3052,sz002123,12.8,12.99,12.49,12.75,11583207.0,12.85,-0.1,-0.0078,2023-05-25
3053,sz002124,4.7,4.72,4.6,4.62,17793490.0,4.7,-0.08,-0.017,2023-05-25
3054,sz002125,12.48,12.62,12.23,12.31,32736285.0,12.78,-0.47,-0.0368,2023-05-25
3055,sz002126,13.19,13.46,13.13,13.44,14631523.0,13.29,0.15,0.0113,2023-05-25
3056,sz002127,4.14,4.16,4.05,4.09,24935972.0,4.16,-0.07,-0.0168,2023-05-25
3057,sz002128,13.88,14.13,13.79,13.98,12597015.0,13.9,0.08,0.0058,2023-05-25
3058,sz002129,42.19,42.86,41.5,41.88,43762367.0,41.3,0.58,0.014,2023-05-25
3059,sz002130,6.95,7.06,6.87,7.02,10379908.0,6.95,0.07,0.0101,2023-05-25
3060,sz002131,2.21,2.23,2.16,2.19,115265024.0,2.21,-0.02,-0.009,2023-05-25
3061,sz002132,3.77,3.8,3.73,3.76,9993855.0,3.78,-0.02,-0.0053,2023-05-25
3062,sz002133,3.29,3.32,3.25,3.32,8087901.0,3.3,0.02,0.0061,2023-05-25
3063,sz002134,9.89,9.96,9.63,9.76,5018400.0,9.91,-0.15,-0.0151,2023-05-25
3064,sz002135,7.0,7.06,6.88,6.96,11156300.0,7.02,-0.06,-0.0085,2023-05-25
3065,sz002136,11.67,11.67,11.23,11.38,2741460.0,11.6,-0.22,-0.019,2023-05-25
3066,sz002137,7.0,7.05,6.77,6.9,15912395.0,6.97,-0.07,-0.01,2023-05-25
3067,sz002138,23.52,23.89,23.24,23.57,5588293.0,23.61,-0.04,-0.0017,2023-05-25
3068,sz002139,11.11,11.27,11.0,11.16,11228672.0,11.12,0.04,0.0036,2023-05-25
3069,sz002140,9.04,9.14,8.93,9.05,4179349.0,9.07,-0.02,-0.0022,2023-05-25
3070,sz002141,3.58,3.6,3.5,3.57,8809700.0,3.58,-0.01,-0.0028,2023-05-25
3071,sz002142,25.6,25.93,25.51,25.65,18573846.0,25.66,-0.01,-0.0004,2023-05-25
3072,sz002144,11.27,11.31,11.05,11.31,2748002.0,11.29,0.02,0.0018,2023-05-25
3073,sz002145,6.25,6.27,6.17,6.22,12880587.0,6.26,-0.04,-0.0064,2023-05-25
3074,sz002146,1.2,1.21,1.17,1.17,166638960.0,1.3,-0.13,-0.1,2023-05-25
3075,sz002148,5.76,5.85,5.63,5.74,8381340.0,5.79,-0.05,-0.0086,2023-05-25
3076,sz002149,15.64,15.71,15.35,15.54,2672953.0,15.64,-0.1,-0.0064,2023-05-25
3077,sz002150,19.4,21.3,19.31,20.28,33582299.0,19.62,0.66,0.0336,2023-05-25
3078,sz002151,32.19,32.64,31.8,32.28,3904465.0,32.17,0.11,0.0034,2023-05-25
3079,sz002152,11.37,11.48,11.18,11.35,15168458.0,11.34,0.01,0.0009,2023-05-25
3080,sz002153,17.3,17.95,17.3,17.88,21942550.0,17.3,0.58,0.0335,2023-05-25
3081,sz002154,5.89,5.93,5.63,5.74,22947011.0,5.84,-0.1,-0.0171,2023-05-25
3082,sz002155,13.46,13.46,13.12,13.28,22398593.0,13.66,-0.38,-0.0278,2023-05-25
3083,sz002156,21.1,21.77,20.79,21.22,55528348.0,20.67,0.55,0.0266,2023-05-25
3084,sz002157,2.32,2.5,2.26,2.5,177354348.0,2.38,0.12,0.0504,2023-05-25
3085,sz002158,24.28,24.6,23.9,24.21,3721993.0,24.27,-0.06,-0.0025,2023-05-25
3086,sz002159,15.92,15.93,15.33,15.57,3128800.0,15.8,-0.23,-0.0146,2023-05-25
3087,sz002160,4.04,4.04,3.92,3.96,7848309.0,4.02,-0.06,-0.0149,2023-05-25
3088,sz002161,5.06,5.09,4.96,5.03,5783170.0,5.03,0.0,0.0,2023-05-25
3089,sz002162,4.05,4.07,4.0,4.05,9908451.0,4.05,0.0,0.0,2023-05-25
3090,sz002163,10.56,10.56,10.38,10.47,4009330.0,10.5,-0.03,-0.0029,2023-05-25
3091,sz002164,5.82,6.5,5.81,6.28,46169612.0,5.92,0.36,0.0608,2023-05-25
3092,sz002165,4.09,4.09,3.97,4.01,12987500.0,4.09,-0.08,-0.0196,2023-05-25
3093,sz002166,7.61,7.66,7.46,7.57,7681193.0,7.66,-0.09,-0.0117,2023-05-25
3094,sz002167,7.01,7.27,6.98,7.26,44513053.0,7.09,0.17,0.024,2023-05-25
3095,sz002168,4.43,4.89,4.42,4.62,60864286.0,4.46,0.16,0.0359,2023-05-25
3096,sz002169,8.15,8.25,8.1,8.21,18715861.0,8.15,0.06,0.0074,2023-05-25
3097,sz002170,6.39,6.43,6.27,6.35,11611157.0,6.39,-0.04,-0.0063,2023-05-25
3098,sz002171,7.02,7.11,6.9,7.03,7903837.0,7.06,-0.03,-0.0042,2023-05-25
3099,sz002172,3.51,3.56,3.48,3.52,9129200.0,3.56,-0.04,-0.0112,2023-05-25
3100,sz002173,7.28,7.28,7.06,7.16,10945200.0,7.25,-0.09,-0.0124,2023-05-25
3101,sz002174,17.8,18.36,17.12,17.98,57088637.0,17.97,0.01,0.0006,2023-05-25
3102,sz002175,2.66,2.68,2.61,2.65,12197400.0,2.66,-0.01,-0.0038,2023-05-25
3103,sz002176,12.58,12.58,12.36,12.48,19701704.0,12.59,-0.11,-0.0087,2023-05-25
3104,sz002177,3.44,3.47,3.37,3.38,24414100.0,3.55,-0.17,-0.0479,2023-05-25
3105,sz002178,4.24,4.25,4.15,4.23,10456706.0,4.26,-0.03,-0.007,2023-05-25
3106,sz002179,42.86,43.43,42.83,43.12,4730904.0,42.86,0.26,0.0061,2023-05-25
3107,sz002180,42.23,42.79,39.85,40.63,14221712.0,41.42,-0.79,-0.0191,2023-05-25
3108,sz002181,5.41,5.45,5.16,5.21,22018025.0,5.4,-0.19,-0.0352,2023-05-25
3109,sz002182,21.71,21.91,21.29,21.64,5683764.0,21.78,-0.14,-0.0064,2023-05-25
3110,sz002183,5.04,5.09,4.98,5.05,18313842.0,5.08,-0.03,-0.0059,2023-05-25
3111,sz002184,14.85,14.91,14.44,14.58,10955117.0,14.98,-0.4,-0.0267,2023-05-25
3112,sz002185,9.56,9.64,9.27,9.44,20645108.0,9.43,0.01,0.0011,2023-05-25
3113,sz002186,11.82,12.03,11.56,11.79,7814399.0,11.99,-0.2,-0.0167,2023-05-25
3114,sz002187,6.67,6.69,6.56,6.64,3861800.0,6.67,-0.03,-0.0045,2023-05-25
3115,sz002188,6.09,6.14,6.01,6.14,3206500.0,6.08,0.06,0.0099,2023-05-25
3116,sz002189,16.77,17.2,16.71,17.08,5234946.0,16.8,0.28,0.0167,2023-05-25
3117,sz002190,21.6,21.76,21.24,21.55,2460847.0,21.6,-0.05,-0.0023,2023-05-25
3118,sz002191,7.07,7.09,7.0,7.02,9354035.0,7.08,-0.06,-0.0085,2023-05-25
3119,sz002192,68.85,69.8,68.01,68.56,6415176.0,69.16,-0.6,-0.0087,2023-05-25
3120,sz002193,6.99,7.03,6.66,6.84,16551400.0,7.04,-0.2,-0.0284,2023-05-25
3121,sz002194,9.19,9.36,9.06,9.21,12805826.0,9.22,-0.01,-0.0011,2023-05-25
3122,sz002195,2.88,2.91,2.8,2.85,133278551.0,2.9,-0.05,-0.0172,2023-05-25
3123,sz002196,7.06,7.07,6.99,7.06,6376140.0,7.01,0.05,0.0071,2023-05-25
3124,sz002197,10.08,10.22,9.83,10.07,15872377.0,10.03,0.04,0.004,2023-05-25
3125,sz002198,7.69,7.72,7.45,7.57,5639800.0,7.68,-0.11,-0.0143,2023-05-25
3126,sz002199,7.32,7.37,7.2,7.32,3541500.0,7.31,0.01,0.0014,2023-05-25
3127,sz002200,9.46,9.46,9.17,9.18,767100.0,9.44,-0.26,-0.0275,2023-05-25
3128,sz002201,10.6,10.73,10.42,10.5,5531276.0,10.7,-0.2,-0.0187,2023-05-25
3129,sz002202,10.88,11.17,10.88,11.1,20783185.0,10.92,0.18,0.0165,2023-05-25
3130,sz002203,12.0,12.09,11.85,11.93,2358960.0,12.01,-0.08,-0.0067,2023-05-25
3131,sz002204,5.05,5.1,4.96,5.0,19966607.0,5.07,-0.07,-0.0138,2023-05-25
3132,sz002205,10.81,10.99,10.68,10.96,10374522.0,11.0,-0.04,-0.0036,2023-05-25
3133,sz002206,5.4,5.45,5.36,5.39,5561328.0,5.42,-0.03,-0.0055,2023-05-25
3134,sz002207,6.91,6.95,6.84,6.94,3660200.0,6.93,0.01,0.0014,2023-05-25
3135,sz002208,6.41,6.41,6.34,6.39,4227924.0,6.38,0.01,0.0016,2023-05-25
3136,sz002209,9.9,9.9,9.61,9.79,7022401.0,9.87,-0.08,-0.0081,2023-05-25
3137,sz002210,2.19,2.2,2.16,2.17,9304933.0,2.19,-0.02,-0.0091,2023-05-25
3138,sz002211,2.86,2.89,2.83,2.85,2090651.0,2.87,-0.02,-0.007,2023-05-25
3139,sz002212,9.97,10.09,9.75,9.95,11631352.0,9.95,0.0,0.0,2023-05-25
3140,sz002213,14.19,15.5,14.02,15.5,33192499.0,14.09,1.41,0.1001,2023-05-25
3141,sz002214,13.02,13.17,12.81,13.0,3474974.0,13.03,-0.03,-0.0023,2023-05-25
3142,sz002215,7.77,7.8,7.39,7.5,31160615.0,7.81,-0.31,-0.0397,2023-05-25
3143,sz002216,16.03,16.12,15.78,15.9,3754595.0,16.03,-0.13,-0.0081,2023-05-25
3144,sz002217,3.27,3.29,3.13,3.18,89781536.0,3.27,-0.09,-0.0275,2023-05-25
3145,sz002218,4.93,5.05,4.91,5.02,20591491.0,4.93,0.09,0.0183,2023-05-25
3146,sz002219,4.5,4.53,4.4,4.43,10662400.0,4.52,-0.09,-0.0199,2023-05-25
3147,sz002221,8.61,8.68,8.57,8.68,4790499.0,8.66,0.02,0.0023,2023-05-25
3148,sz002222,23.69,24.06,22.75,23.29,24306329.0,23.62,-0.33,-0.014,2023-05-25
3149,sz002223,32.76,32.94,32.05,32.46,7336047.0,32.75,-0.29,-0.0089,2023-05-25
3150,sz002224,4.58,4.61,4.49,4.57,4617434.0,4.58,-0.01,-0.0022,2023-05-25
3151,sz002225,3.75,3.78,3.72,3.77,7126901.0,3.77,0.0,0.0,2023-05-25
3152,sz002226,5.17,5.19,5.11,5.16,6343080.0,5.16,0.0,0.0,2023-05-25
3153,sz002227,13.73,14.06,13.65,13.89,5035702.0,13.7,0.19,0.0139,2023-05-25
3154,sz002228,3.28,3.31,3.26,3.3,7505460.0,3.27,0.03,0.0092,2023-05-25
3155,sz002229,22.98,23.58,22.53,23.58,155680856.0,21.44,2.14,0.0998,2023-05-25
3156,sz002230,55.7,56.65,54.4,55.61,73903411.0,56.57,-0.96,-0.017,2023-05-25
3157,sz002231,6.78,6.85,6.64,6.77,6802109.0,6.73,0.04,0.0059,2023-05-25
3158,sz002232,14.21,14.43,13.8,14.12,7248600.0,14.23,-0.11,-0.0077,2023-05-25
3159,sz002233,7.57,7.63,7.47,7.55,5458153.0,7.58,-0.03,-0.004,2023-05-25
3160,sz002234,19.47,19.49,18.22,18.41,7859584.0,19.47,-1.06,-0.0544,2023-05-25
3161,sz002235,6.57,6.68,6.31,6.44,28406906.0,6.63,-0.19,-0.0287,2023-05-25
3162,sz002236,21.0,21.18,20.25,20.71,51366819.0,20.69,0.02,0.001,2023-05-25
3163,sz002237,11.16,11.18,10.99,11.12,6875233.0,11.25,-0.13,-0.0116,2023-05-25
3164,sz002238,6.85,6.95,6.63,6.75,9291378.0,6.89,-0.14,-0.0203,2023-05-25
3165,sz002239,2.52,2.54,2.48,2.51,18876400.0,2.53,-0.02,-0.0079,2023-05-25
3166,sz002240,33.18,33.41,32.48,32.82,13560794.0,33.56,-0.74,-0.0221,2023-05-25
3167,sz002241,18.01,18.42,17.91,18.22,49865935.0,18.11,0.11,0.0061,2023-05-25
3168,sz002242,15.47,15.5,15.2,15.42,2260346.0,15.52,-0.1,-0.0064,2023-05-25
3169,sz002243,8.37,8.41,8.18,8.28,5619959.0,8.37,-0.09,-0.0108,2023-05-25
3170,sz002244,8.3,8.61,8.19,8.44,23486155.0,8.31,0.13,0.0156,2023-05-25
3171,sz002245,10.78,10.9,10.58,10.7,15951909.0,10.82,-0.12,-0.0111,2023-05-25
3172,sz002246,9.22,9.28,9.06,9.16,4886439.0,9.26,-0.1,-0.0108,2023-05-25
3173,sz002247,2.31,2.32,2.27,2.3,8375300.0,2.32,-0.02,-0.0086,2023-05-25
3174,sz002248,9.0,9.22,8.94,9.1,10601000.0,9.05,0.05,0.0055,2023-05-25
3175,sz002249,5.32,5.4,5.31,5.36,14232084.0,5.34,0.02,0.0037,2023-05-25
3176,sz002250,11.32,11.44,11.13,11.23,10045864.0,11.31,-0.08,-0.0071,2023-05-25
3177,sz002251,4.86,4.9,4.8,4.83,10949824.0,4.89,-0.06,-0.0123,2023-05-25
3178,sz002252,6.35,6.42,6.3,6.38,28017774.0,6.36,0.02,0.0031,2023-05-25
3179,sz002253,15.16,15.38,14.63,14.9,5789700.0,15.15,-0.25,-0.0165,2023-05-25
3180,sz002254,22.22,22.48,21.98,22.2,4977536.0,22.37,-0.17,-0.0076,2023-05-25
3181,sz002255,5.64,5.71,5.61,5.68,12489181.0,5.63,0.05,0.0089,2023-05-25
3182,sz002256,2.35,2.36,2.3,2.32,14079100.0,2.35,-0.03,-0.0128,2023-05-25
3183,sz002258,14.13,14.2,13.78,13.87,6984846.0,14.18,-0.31,-0.0219,2023-05-25
3184,sz002259,3.49,3.51,3.48,3.51,1861500.0,3.49,0.02,0.0057,2023-05-25
3185,sz002261,12.18,12.3,11.71,12.17,110366838.0,11.72,0.45,0.0384,2023-05-25
3186,sz002262,28.53,28.85,27.92,28.57,3437311.0,28.53,0.04,0.0014,2023-05-25
3187,sz002263,2.67,2.69,2.64,2.67,6423000.0,2.67,0.0,0.0,2023-05-25
3188,sz002264,6.0,6.05,5.89,6.04,12757200.0,6.02,0.02,0.0033,2023-05-25
3189,sz002265,13.42,13.64,13.36,13.54,2349033.0,13.46,0.08,0.0059,2023-05-25
3190,sz002266,4.05,4.12,4.04,4.07,15275566.0,4.06,0.01,0.0025,2023-05-25
3191,sz002267,7.64,7.8,7.6,7.76,7981229.0,7.64,0.12,0.0157,2023-05-25
3192,sz002268,31.91,32.31,31.5,31.74,11243273.0,31.91,-0.17,-0.0053,2023-05-25
3193,sz002269,1.66,1.69,1.63,1.66,34712300.0,1.66,0.0,0.0,2023-05-25
3194,sz002270,10.0,10.14,9.88,10.0,7087290.0,9.97,0.03,0.003,2023-05-25
3195,sz002271,26.31,26.59,25.85,26.01,20505414.0,26.45,-0.44,-0.0166,2023-05-25
3196,sz002272,6.55,6.85,6.46,6.62,31184768.0,6.62,0.0,0.0,2023-05-25
3197,sz002273,11.84,11.95,11.54,11.75,16026942.0,11.84,-0.09,-0.0076,2023-05-25
3198,sz002274,7.55,7.57,7.41,7.49,4877643.0,7.57,-0.08,-0.0106,2023-05-25
3199,sz002275,18.6,19.11,18.41,18.86,3843774.0,18.56,0.3,0.0162,2023-05-25
3200,sz002276,12.11,12.65,12.0,12.33,53924654.0,12.24,0.09,0.0074,2023-05-25
3201,sz002277,3.25,3.25,3.18,3.22,11538897.0,3.24,-0.02,-0.0062,2023-05-25
3202,sz002278,5.4,5.43,5.32,5.39,4082570.0,5.4,-0.01,-0.0019,2023-05-25
3203,sz002279,6.71,6.8,6.56,6.69,23038983.0,6.76,-0.07,-0.0104,2023-05-25
3204,sz002280,3.78,3.84,3.66,3.7,79014278.0,3.84,-0.14,-0.0365,2023-05-25
3205,sz002281,26.31,26.68,25.11,26.06,40870408.0,25.45,0.61,0.024,2023-05-25
3206,sz002282,7.7,7.78,7.62,7.72,2868002.0,7.72,0.0,0.0,2023-05-25
3207,sz002283,5.83,5.85,5.67,5.75,11360934.0,5.8,-0.05,-0.0086,2023-05-25
3208,sz002284,7.79,7.9,7.73,7.84,4895636.0,7.81,0.03,0.0038,2023-05-25
3209,sz002285,2.57,2.61,2.55,2.58,15490044.0,2.59,-0.01,-0.0039,2023-05-25
3210,sz002286,8.46,8.5,8.28,8.4,3125934.0,8.48,-0.08,-0.0094,2023-05-25
3211,sz002287,23.66,23.69,23.23,23.57,1003620.0,23.65,-0.08,-0.0034,2023-05-25
3212,sz002288,4.64,4.7,4.54,4.63,7039410.0,4.66,-0.03,-0.0064,2023-05-25
3213,sz002289,5.0,5.23,4.86,4.97,7372200.0,4.99,-0.02,-0.004,2023-05-25
3214,sz002290,10.2,10.34,10.11,10.21,2345920.0,10.27,-0.06,-0.0058,2023-05-25
3215,sz002291,16.89,17.12,15.64,16.23,62891765.0,16.93,-0.7,-0.0413,2023-05-25
3216,sz002292,8.11,8.35,7.86,8.35,77624057.0,8.11,0.24,0.0296,2023-05-25
3217,sz002293,12.35,12.41,12.11,12.22,1718748.0,12.34,-0.12,-0.0097,2023-05-25
3218,sz002294,34.75,34.9,34.15,34.49,2030873.0,34.76,-0.27,-0.0078,2023-05-25
3219,sz002295,6.74,6.74,6.57,6.67,2345700.0,6.71,-0.04,-0.006,2023-05-25
3220,sz002296,8.39,8.56,8.25,8.38,6094900.0,8.4,-0.02,-0.0024,2023-05-25
3221,sz002297,7.74,7.82,7.73,7.79,4587290.0,7.74,0.05,0.0065,2023-05-25
3222,sz002298,6.1,6.18,6.0,6.13,10638113.0,6.11,0.02,0.0033,2023-05-25
3223,sz002299,19.82,20.08,19.53,19.66,6473845.0,19.85,-0.19,-0.0096,2023-05-25
3224,sz002300,8.77,9.08,8.75,8.87,7785351.0,8.85,0.02,0.0023,2023-05-25
3225,sz002301,7.18,7.24,7.08,7.19,6200741.0,7.22,-0.03,-0.0042,2023-05-25
3226,sz002302,7.46,7.55,7.42,7.5,7832205.0,7.45,0.05,0.0067,2023-05-25
3227,sz002303,3.41,3.41,3.34,3.38,9008800.0,3.4,-0.02,-0.0059,2023-05-25
3228,sz002304,140.0,140.25,138.01,138.8,5273187.0,140.54,-1.74,-0.0124,2023-05-25
3229,sz002305,2.04,2.06,2.03,2.04,19077626.0,2.05,-0.01,-0.0049,2023-05-25
3230,sz002306,3.88,3.88,3.76,3.79,6776301.0,3.85,-0.06,-0.0156,2023-05-25
3231,sz002307,5.21,5.25,5.14,5.21,18863709.0,5.23,-0.02,-0.0038,2023-05-25
3232,sz002308,4.85,4.89,4.69,4.79,11110364.0,4.83,-0.04,-0.0083,2023-05-25
3233,sz002309,3.87,3.92,3.81,3.91,5870600.0,3.88,0.03,0.0077,2023-05-25
3234,sz002310,1.75,1.76,1.72,1.74,16423026.0,1.76,-0.02,-0.0114,2023-05-25
3235,sz002311,49.29,49.9,49.16,49.7,3717783.0,49.44,0.26,0.0053,2023-05-25
3236,sz002312,9.24,9.27,9.0,9.05,9865290.0,9.24,-0.19,-0.0206,2023-05-25
3237,sz002313,7.55,7.95,7.38,7.79,11237895.0,7.57,0.22,0.0291,2023-05-25
3238,sz002314,3.23,3.25,3.17,3.22,17721027.0,3.23,-0.01,-0.0031,2023-05-25
3239,sz002315,40.2,41.48,37.17,37.96,29439880.0,41.3,-3.34,-0.0809,2023-05-25
3240,sz002316,4.99,5.29,4.76,5.12,97716587.0,4.88,0.24,0.0492,2023-05-25
3241,sz002317,20.58,21.17,20.22,20.55,62325811.0,21.13,-0.58,-0.0274,2023-05-25
3242,sz002318,16.45,16.66,16.32,16.53,3058645.0,16.46,0.07,0.0043,2023-05-25
3243,sz002319,15.9,16.03,15.86,15.93,853900.0,15.96,-0.03,-0.0019,2023-05-25
3244,sz002320,6.12,6.19,6.04,6.12,7582128.0,6.1,0.02,0.0033,2023-05-25
3245,sz002321,2.66,2.69,2.65,2.68,3057200.0,2.66,0.02,0.0075,2023-05-25
3246,sz002322,9.83,9.83,9.58,9.77,3343000.0,9.78,-0.01,-0.001,2023-05-25
3247,sz002323,2.95,2.99,2.93,2.96,18390608.0,2.96,0.0,0.0,2023-05-25
3248,sz002324,14.36,14.51,14.25,14.49,7202544.0,14.44,0.05,0.0035,2023-05-25
3249,sz002325,1.65,1.66,1.61,1.64,22095361.0,1.66,-0.02,-0.012,2023-05-25
3250,sz002326,16.88,16.91,16.56,16.73,9130834.0,16.82,-0.09,-0.0054,2023-05-25
3251,sz002327,8.7,8.9,8.57,8.8,5530800.0,8.74,0.06,0.0069,2023-05-25
3252,sz002328,5.7,5.7,5.54,5.61,9571868.0,5.68,-0.07,-0.0123,2023-05-25
3253,sz002329,5.99,6.29,5.92,6.18,35131764.0,6.01,0.17,0.0283,2023-05-25
3254,sz002330,5.91,5.93,5.8,5.85,8343298.0,5.92,-0.07,-0.0118,2023-05-25
3255,sz002331,6.88,6.9,6.68,6.78,4316400.0,6.9,-0.12,-0.0174,2023-05-25
3256,sz002332,14.76,14.87,14.4,14.45,4411061.0,14.76,-0.31,-0.021,2023-05-25
3257,sz002333,5.98,6.05,5.93,6.01,3745500.0,5.95,0.06,0.0101,2023-05-25
3258,sz002334,13.59,13.6,12.69,12.85,79635086.0,13.43,-0.58,-0.0432,2023-05-25
3259,sz002335,37.72,39.35,37.45,39.16,14135256.0,37.8,1.36,0.036,2023-05-25
3260,sz002336,11.01,11.11,10.75,10.91,9409541.0,11.31,-0.4,-0.0354,2023-05-25
3261,sz002337,5.47,5.54,5.42,5.5,10509000.0,5.46,0.04,0.0073,2023-05-25
3262,sz002338,30.9,31.53,30.08,30.95,5796224.0,31.22,-0.27,-0.0086,2023-05-25
3263,sz002339,7.7,7.98,7.69,7.88,26664395.0,7.64,0.24,0.0314,2023-05-25
3264,sz002340,6.76,6.79,6.65,6.69,30007705.0,6.76,-0.07,-0.0104,2023-05-25
3265,sz002341,3.72,3.75,3.66,3.71,14413945.0,3.69,0.02,0.0054,2023-05-25
3266,sz002342,4.16,4.19,4.1,4.15,7981362.0,4.18,-0.03,-0.0072,2023-05-25
3267,sz002343,7.81,8.08,7.65,7.9,40124120.0,8.23,-0.33,-0.0401,2023-05-25
3268,sz002344,5.06,5.08,4.87,4.97,23510844.0,5.04,-0.07,-0.0139,2023-05-25
3269,sz002345,7.03,7.03,6.81,6.97,11481200.0,7.0,-0.03,-0.0043,2023-05-25
3270,sz002346,12.77,12.9,12.66,12.82,1573425.0,12.84,-0.02,-0.0016,2023-05-25
3271,sz002347,5.23,5.32,5.22,5.29,11121400.0,5.26,0.03,0.0057,2023-05-25
3272,sz002348,4.39,4.46,4.33,4.41,10907100.0,4.43,-0.02,-0.0045,2023-05-25
3273,sz002349,10.46,10.48,10.22,10.28,26677353.0,10.5,-0.22,-0.021,2023-05-25
3274,sz002350,7.46,7.69,7.45,7.65,14101667.0,7.51,0.14,0.0186,2023-05-25
3275,sz002351,17.66,17.88,16.78,17.23,56091650.0,17.31,-0.08,-0.0046,2023-05-25
3276,sz002352,48.8,49.2,48.43,48.92,8021192.0,48.8,0.12,0.0025,2023-05-25
3277,sz002353,25.95,26.07,25.54,25.73,5934409.0,25.98,-0.25,-0.0096,2023-05-25
3278,sz002354,6.59,6.75,6.47,6.67,275789941.0,6.62,0.05,0.0076,2023-05-25
3279,sz002355,4.13,4.13,4.04,4.1,5360200.0,4.12,-0.02,-0.0049,2023-05-25
3280,sz002356,4.58,4.6,4.47,4.51,2776600.0,4.58,-0.07,-0.0153,2023-05-25
3281,sz002357,6.45,6.52,6.4,6.5,5072400.0,6.48,0.02,0.0031,2023-05-25
3282,sz002358,4.54,4.97,4.51,4.97,45704882.0,4.52,0.45,0.0996,2023-05-25
3283,sz002360,8.02,8.04,7.72,7.85,12247364.0,8.04,-0.19,-0.0236,2023-05-25
3284,sz002361,4.01,4.06,3.99,4.04,7679600.0,4.02,0.02,0.005,2023-05-25
3285,sz002362,27.5,28.78,27.4,28.54,32644117.0,28.23,0.31,0.011,2023-05-25
3286,sz002363,7.05,7.11,6.96,7.04,3988000.0,7.05,-0.01,-0.0014,2023-05-25
3287,sz002364,7.94,8.2,7.94,8.14,9947400.0,7.99,0.15,0.0188,2023-05-25
3288,sz002365,9.88,9.88,9.63,9.77,2214800.0,9.82,-0.05,-0.0051,2023-05-25
3289,sz002366,7.35,7.88,7.3,7.88,78112406.0,7.16,0.72,0.1006,2023-05-25
3290,sz002367,8.27,8.28,8.03,8.18,14461266.0,8.36,-0.18,-0.0215,2023-05-25
3291,sz002368,34.91,35.4,33.81,34.58,11976545.0,34.78,-0.2,-0.0058,2023-05-25
3292,sz002369,5.19,5.26,5.08,5.18,16046805.0,5.17,0.01,0.0019,2023-05-25
3293,sz002370,4.35,4.39,4.28,4.31,6552447.0,4.36,-0.05,-0.0115,2023-05-25
3294,sz002371,296.52,299.9,294.01,299.16,4458670.0,297.51,1.65,0.0055,2023-05-25
3295,sz002372,20.79,20.79,20.1,20.28,5126073.0,20.68,-0.4,-0.0193,2023-05-25
3296,sz002373,11.88,11.97,11.49,11.68,20098583.0,11.85,-0.17,-0.0143,2023-05-25
3297,sz002374,3.93,3.95,3.85,3.89,16489073.0,3.96,-0.07,-0.0177,2023-05-25
3298,sz002375,4.56,4.56,4.46,4.52,13464354.0,4.54,-0.02,-0.0044,2023-05-25
3299,sz002376,7.99,8.04,7.76,7.93,9239400.0,8.0,-0.07,-0.0088,2023-05-25
3300,sz002377,2.43,2.45,2.4,2.43,8696270.0,2.43,0.0,0.0,2023-05-25
3301,sz002378,7.49,7.49,7.31,7.39,7548670.0,7.49,-0.1,-0.0134,2023-05-25
3302,sz002379,4.22,4.24,4.16,4.22,9630008.0,4.23,-0.01,-0.0024,2023-05-25
3303,sz002380,20.14,20.37,19.31,19.73,8978800.0,20.2,-0.47,-0.0233,2023-05-25
3304,sz002381,7.35,7.41,7.26,7.35,5555447.0,7.3,0.05,0.0068,2023-05-25
3305,sz002382,7.74,7.76,7.64,7.71,6416817.0,7.77,-0.06,-0.0077,2023-05-25
3306,sz002383,6.25,6.29,6.1,6.23,7100206.0,6.23,0.0,0.0,2023-05-25
3307,sz002384,25.15,25.86,25.0,25.37,13409500.0,25.27,0.1,0.004,2023-05-25
3308,sz002385,6.71,6.71,6.55,6.62,31486848.0,6.7,-0.08,-0.0119,2023-05-25
3309,sz002386,6.66,6.66,6.57,6.61,5420101.0,6.65,-0.04,-0.006,2023-05-25
3310,sz002387,6.98,7.08,6.86,7.0,5850497.0,6.93,0.07,0.0101,2023-05-25
3311,sz002388,7.32,7.5,7.32,7.45,7045300.0,7.38,0.07,0.0095,2023-05-25
3312,sz002389,20.86,21.49,20.78,21.37,10938113.0,20.95,0.42,0.02,2023-05-25
3313,sz002390,4.66,4.68,4.59,4.63,10416088.0,4.68,-0.05,-0.0107,2023-05-25
3314,sz002391,7.07,7.12,6.98,7.04,3119228.0,7.09,-0.05,-0.0071,2023-05-25
3315,sz002392,3.64,3.64,3.59,3.62,4011400.0,3.62,0.0,0.0,2023-05-25
3316,sz002393,24.77,25.01,24.43,24.76,964900.0,24.78,-0.02,-0.0008,2023-05-25
3317,sz002394,8.01,8.38,7.9,8.26,10289485.0,7.99,0.27,0.0338,2023-05-25
3318,sz002395,10.37,11.15,10.0,10.27,29729091.0,10.21,0.06,0.0059,2023-05-25
3319,sz002396,20.5,20.8,20.17,20.55,10237098.0,20.3,0.25,0.0123,2023-05-25
3320,sz002397,3.63,3.71,3.61,3.67,9456400.0,3.63,0.04,0.011,2023-05-25
3321,sz002398,6.04,6.05,5.95,6.04,4099712.0,6.03,0.01,0.0017,2023-05-25
3322,sz002399,12.15,12.22,11.8,11.86,5249086.0,12.35,-0.49,-0.0397,2023-05-25
3323,sz002400,4.85,4.9,4.68,4.76,53672825.0,4.86,-0.1,-0.0206,2023-05-25
3324,sz002401,22.45,22.96,21.82,22.64,20705768.0,22.54,0.1,0.0044,2023-05-25
3325,sz002402,15.63,15.79,15.46,15.71,7859578.0,15.7,0.01,0.0006,2023-05-25
3326,sz002403,9.05,9.16,8.85,9.0,11742115.0,9.15,-0.15,-0.0164,2023-05-25
3327,sz002404,6.39,6.47,6.28,6.43,5891384.0,6.38,0.05,0.0078,2023-05-25
3328,sz002405,11.34,11.45,11.21,11.37,18175591.0,11.35,0.02,0.0018,2023-05-25
3329,sz002406,5.61,5.69,5.49,5.54,27371773.0,5.68,-0.14,-0.0246,2023-05-25
3330,sz002407,20.8,20.95,20.39,20.51,10396380.0,20.8,-0.29,-0.0139,2023-05-25
3331,sz002408,6.62,6.66,6.44,6.48,8159581.0,6.65,-0.17,-0.0256,2023-05-25
3332,sz002409,72.11,73.5,70.11,71.86,9675348.0,72.3,-0.44,-0.0061,2023-05-25
3333,sz002410,36.84,36.84,35.47,35.99,10506357.0,36.89,-0.9,-0.0244,2023-05-25
3334,sz002411,0.0,0.0,0.0,0.0,0.0,3.23,-3.23,-1.0,2023-05-25
3335,sz002412,6.88,6.88,6.7,6.79,7248600.0,6.88,-0.09,-0.0131,2023-05-25
3336,sz002413,4.97,5.07,4.95,5.01,19358083.0,4.96,0.05,0.0101,2023-05-25
3337,sz002414,10.62,10.68,10.35,10.43,12489560.0,10.62,-0.19,-0.0179,2023-05-25
3338,sz002415,35.95,36.35,34.59,34.95,44221406.0,36.0,-1.05,-0.0292,2023-05-25
3339,sz002416,7.82,7.84,7.6,7.7,7016843.0,7.87,-0.17,-0.0216,2023-05-25
3340,sz002417,0.0,0.0,0.0,0.0,0.0,1.24,-1.24,-1.0,2023-05-25
3341,sz002418,3.05,3.08,2.98,3.04,19678900.0,3.06,-0.02,-0.0065,2023-05-25
3342,sz002419,6.15,6.2,6.08,6.13,9478414.0,6.14,-0.01,-0.0016,2023-05-25
3343,sz002420,6.17,6.22,6.08,6.16,4981700.0,6.17,-0.01,-0.0016,2023-05-25
3344,sz002421,3.61,3.7,3.54,3.61,32907365.0,3.67,-0.06,-0.0163,2023-05-25
3345,sz002422,31.63,31.75,30.81,31.25,12115273.0,31.63,-0.38,-0.012,2023-05-25
3346,sz002423,7.99,8.0,7.83,7.95,38624500.0,7.94,0.01,0.0013,2023-05-25
3347,sz002424,8.19,8.19,7.98,8.07,29542741.0,8.23,-0.16,-0.0194,2023-05-25
3348,sz002425,5.08,5.19,4.96,5.03,33837461.0,5.1,-0.07,-0.0137,2023-05-25
3349,sz002426,2.17,2.19,2.13,2.16,37632550.0,2.17,-0.01,-0.0046,2023-05-25
3350,sz002427,7.01,7.91,6.93,7.47,18098187.0,7.2,0.27,0.0375,2023-05-25
3351,sz002428,10.52,10.57,10.15,10.29,6964078.0,10.45,-0.16,-0.0153,2023-05-25
3352,sz002429,4.7,4.74,4.6,4.69,25745825.0,4.73,-0.04,-0.0085,2023-05-25
3353,sz002430,35.69,36.3,35.36,35.71,3209709.0,36.06,-0.35,-0.0097,2023-05-25
3354,sz002431,2.69,2.74,2.68,2.73,9982350.0,2.7,0.03,0.0111,2023-05-25
3355,sz002432,40.17,40.19,39.25,39.37,6690755.0,40.06,-0.69,-0.0172,2023-05-25
3356,sz002433,2.09,2.09,2.02,2.03,35194700.0,2.13,-0.1,-0.0469,2023-05-25
3357,sz002434,8.49,8.62,8.41,8.53,7151249.0,8.51,0.02,0.0024,2023-05-25
3358,sz002435,4.88,4.91,4.76,4.81,10505707.0,4.88,-0.07,-0.0143,2023-05-25
3359,sz002436,13.8,13.99,13.34,13.66,31558986.0,13.72,-0.06,-0.0044,2023-05-25
3360,sz002437,2.27,2.27,2.22,2.25,26002872.0,2.27,-0.02,-0.0088,2023-05-25
3361,sz002438,11.82,11.88,11.61,11.78,2859957.0,11.7,0.08,0.0068,2023-05-25
3362,sz002439,30.33,30.47,29.19,29.88,10478371.0,30.36,-0.48,-0.0158,2023-05-25
3363,sz002440,6.9,6.91,6.78,6.82,4582491.0,6.9,-0.08,-0.0116,2023-05-25
3364,sz002441,10.77,11.04,10.76,10.96,13051124.0,10.82,0.14,0.0129,2023-05-25
3365,sz002442,5.0,5.02,4.91,4.99,3395000.0,5.0,-0.01,-0.002,2023-05-25
3366,sz002443,6.68,6.71,6.57,6.66,5746600.0,6.64,0.02,0.003,2023-05-25
3367,sz002444,18.89,18.97,18.69,18.78,6020713.0,18.87,-0.09,-0.0048,2023-05-25
3368,sz002445,2.37,2.44,2.35,2.43,40176292.0,2.39,0.04,0.0167,2023-05-25
3369,sz002446,8.82,9.0,8.8,8.93,15323745.0,8.86,0.07,0.0079,2023-05-25
3370,sz002448,6.31,6.35,6.23,6.3,8957850.0,6.36,-0.06,-0.0094,2023-05-25
3371,sz002449,8.69,8.8,8.55,8.73,6124959.0,8.66,0.07,0.0081,2023-05-25
3372,sz002451,6.64,6.76,6.61,6.76,8344957.0,6.66,0.1,0.015,2023-05-25
3373,sz002452,6.7,6.94,6.7,6.9,11436596.0,6.76,0.14,0.0207,2023-05-25
3374,sz002453,11.51,11.51,10.72,11.13,21029168.0,11.49,-0.36,-0.0313,2023-05-25
3375,sz002454,7.66,7.77,7.62,7.7,5723665.0,7.71,-0.01,-0.0013,2023-05-25
3376,sz002455,8.12,8.16,8.0,8.08,3409004.0,8.14,-0.06,-0.0074,2023-05-25
3377,sz002456,4.87,4.95,4.81,4.87,15192671.0,4.9,-0.03,-0.0061,2023-05-25
3378,sz002457,8.93,8.97,8.74,8.9,10493722.0,8.98,-0.08,-0.0089,2023-05-25
3379,sz002458,14.48,14.49,13.61,13.73,14051314.0,14.53,-0.8,-0.0551,2023-05-25
3380,sz002459,40.5,43.5,40.32,42.4,63425496.0,40.6,1.8,0.0443,2023-05-25
3381,sz002460,63.7,63.88,62.62,63.2,17377131.0,64.11,-0.91,-0.0142,2023-05-25
3382,sz002461,8.93,8.93,8.73,8.82,5285021.0,8.92,-0.1,-0.0112,2023-05-25
3383,sz002462,14.96,14.97,14.61,14.73,3856648.0,14.92,-0.19,-0.0127,2023-05-25
3384,sz002463,19.38,19.85,18.5,19.1,122130263.0,18.16,0.94,0.0518,2023-05-25
3385,sz002465,9.43,9.65,9.41,9.6,15964530.0,9.48,0.12,0.0127,2023-05-25
3386,sz002466,77.4,77.88,76.03,76.85,25093651.0,78.18,-1.33,-0.017,2023-05-25
3387,sz002467,4.93,4.97,4.76,4.86,31137835.0,4.93,-0.07,-0.0142,2023-05-25
3388,sz002468,10.12,10.12,9.89,10.08,10531950.0,10.06,0.02,0.002,2023-05-25
3389,sz002469,6.63,6.63,6.2,6.32,27207853.0,6.56,-0.24,-0.0366,2023-05-25
3390,sz002470,1.74,1.75,1.7,1.71,17170800.0,1.75,-0.04,-0.0229,2023-05-25
3391,sz002471,2.53,2.62,2.53,2.61,25180163.0,2.54,0.07,0.0276,2023-05-25
3392,sz002472,24.52,25.12,23.99,24.34,11623963.0,24.72,-0.38,-0.0154,2023-05-25
3393,sz002474,7.58,7.69,7.42,7.53,12925440.0,7.63,-0.1,-0.0131,2023-05-25
3394,sz002475,27.74,27.96,27.4,27.68,33423023.0,27.84,-0.16,-0.0057,2023-05-25
3395,sz002476,4.6,4.65,4.52,4.64,6160466.0,4.61,0.03,0.0065,2023-05-25
3396,sz002478,6.93,6.97,6.72,6.85,25684149.0,6.97,-0.12,-0.0172,2023-05-25
3397,sz002479,4.73,4.92,4.73,4.9,17188030.0,4.73,0.17,0.0359,2023-05-25
3398,sz002480,4.71,4.79,4.7,4.78,5081500.0,4.74,0.04,0.0084,2023-05-25
3399,sz002481,4.88,4.89,4.74,4.79,8455200.0,4.88,-0.09,-0.0184,2023-05-25
3400,sz002482,1.58,1.59,1.55,1.56,3866250.0,1.58,-0.02,-0.0127,2023-05-25
3401,sz002483,5.6,5.66,5.53,5.63,7990560.0,5.63,0.0,0.0,2023-05-25
3402,sz002484,19.33,20.12,19.33,19.83,7531937.0,19.27,0.56,0.0291,2023-05-25
3403,sz002485,3.79,3.89,3.74,3.86,1157500.0,3.79,0.07,0.0185,2023-05-25
3404,sz002486,3.15,3.19,3.13,3.18,9713000.0,3.16,0.02,0.0063,2023-05-25
3405,sz002487,33.8,36.93,33.53,36.56,34124948.0,34.21,2.35,0.0687,2023-05-25
3406,sz002488,6.58,6.63,6.4,6.48,8044475.0,6.6,-0.12,-0.0182,2023-05-25
3407,sz002489,3.75,3.88,3.71,3.78,35983165.0,3.78,0.0,0.0,2023-05-25
3408,sz002490,4.23,4.3,4.19,4.3,5985078.0,4.21,0.09,0.0214,2023-05-25
3409,sz002491,6.96,6.96,6.35,6.46,157696336.0,6.59,-0.13,-0.0197,2023-05-25
3410,sz002492,5.87,5.9,5.78,5.87,4129550.0,5.89,-0.02,-0.0034,2023-05-25
3411,sz002493,12.17,12.23,11.9,12.03,24891616.0,12.22,-0.19,-0.0155,2023-05-25
3412,sz002494,4.56,4.58,4.48,4.56,4213800.0,4.54,0.02,0.0044,2023-05-25
3413,sz002495,2.52,2.53,2.47,2.52,8478421.0,2.52,0.0,0.0,2023-05-25
3414,sz002496,2.33,2.35,2.27,2.33,12142240.0,2.33,0.0,0.0,2023-05-25
3415,sz002497,18.62,18.77,18.41,18.63,10453054.0,18.8,-0.17,-0.009,2023-05-25
3416,sz002498,4.15,4.19,4.14,4.17,9627760.0,4.14,0.03,0.0072,2023-05-25
3417,sz002500,5.71,5.76,5.67,5.74,12003138.0,5.7,0.04,0.007,2023-05-25
3418,sz002501,1.61,1.62,1.59,1.6,12419656.0,1.61,-0.01,-0.0062,2023-05-25
3419,sz002502,1.99,2.0,1.98,1.98,14806400.0,2.08,-0.1,-0.0481,2023-05-25
3420,sz002503,0.0,0.0,0.0,0.0,0.0,0.42,-0.42,-1.0,2023-05-25
3421,sz002504,0.69,0.69,0.69,0.69,210200.0,0.73,-0.04,-0.0548,2023-05-25
3422,sz002505,2.32,2.34,2.11,2.11,194101064.0,2.34,-0.23,-0.0983,2023-05-25
3423,sz002506,2.97,3.01,2.96,2.99,40096493.0,2.98,0.01,0.0034,2023-05-25
3424,sz002507,24.15,24.2,23.8,23.97,4938130.0,24.15,-0.18,-0.0075,2023-05-25
3425,sz002508,24.33,24.72,24.22,24.45,6031712.0,24.38,0.07,0.0029,2023-05-25
3426,sz002510,3.68,3.72,3.64,3.69,5069600.0,3.7,-0.01,-0.0027,2023-05-25
3427,sz002511,12.25,12.29,11.9,12.07,12395503.0,12.25,-0.18,-0.0147,2023-05-25
3428,sz002512,3.85,3.96,3.81,3.91,24701933.0,3.86,0.05,0.013,2023-05-25
3429,sz002513,4.81,4.82,4.7,4.77,1945000.0,4.8,-0.03,-0.0063,2023-05-25
3430,sz002514,8.9,9.34,8.86,9.27,39650399.0,9.01,0.26,0.0289,2023-05-25
3431,sz002515,4.65,4.65,4.54,4.58,6879948.0,4.62,-0.04,-0.0087,2023-05-25
3432,sz002516,4.67,4.7,4.61,4.66,5527086.0,4.69,-0.03,-0.0064,2023-05-25
3433,sz002517,16.68,17.3,15.22,16.11,114431557.0,16.89,-0.78,-0.0462,2023-05-25
3434,sz002518,39.59,41.65,39.55,40.8,17759361.0,40.02,0.78,0.0195,2023-05-25
3435,sz002519,5.69,6.26,5.67,6.26,135130001.0,5.69,0.57,0.1002,2023-05-25
3436,sz002520,5.86,6.04,5.82,5.96,30187183.0,5.89,0.07,0.0119,2023-05-25
3437,sz002521,5.95,6.02,5.89,5.98,4168015.0,5.95,0.03,0.005,2023-05-25
3438,sz002522,5.35,5.36,5.23,5.3,6420204.0,5.35,-0.05,-0.0093,2023-05-25
3439,sz002523,2.86,2.94,2.84,2.92,16048283.0,2.87,0.05,0.0174,2023-05-25
3440,sz002524,6.84,6.85,6.44,6.53,11983700.0,6.82,-0.29,-0.0425,2023-05-25
3441,sz002526,2.34,2.36,2.31,2.36,20245223.0,2.35,0.01,0.0043,2023-05-25
3442,sz002527,8.11,8.32,7.95,8.17,36581692.0,8.08,0.09,0.0111,2023-05-25
3443,sz002528,7.92,8.07,7.75,7.95,43504710.0,8.04,-0.09,-0.0112,2023-05-25
3444,sz002529,16.61,17.25,16.0,16.7,31710921.0,16.16,0.54,0.0334,2023-05-25
3445,sz002530,7.54,7.63,7.32,7.48,15451567.0,7.58,-0.1,-0.0132,2023-05-25
3446,sz002531,15.89,16.36,15.78,16.1,24858957.0,16.02,0.08,0.005,2023-05-25
3447,sz002532,6.37,6.39,6.25,6.36,29731018.0,6.39,-0.03,-0.0047,2023-05-25
3448,sz002533,7.7,7.91,7.68,7.84,11868730.0,7.72,0.12,0.0155,2023-05-25
3449,sz002534,18.62,19.27,18.44,18.77,30710311.0,18.9,-0.13,-0.0069,2023-05-25
3450,sz002535,2.73,2.82,2.73,2.8,11125031.0,2.74,0.06,0.0219,2023-05-25
3451,sz002536,10.59,10.78,10.4,10.58,8689060.0,10.68,-0.1,-0.0094,2023-05-25
3452,sz002537,7.22,7.27,7.05,7.12,14232694.0,7.22,-0.1,-0.0139,2023-05-25
3453,sz002538,7.01,7.02,6.95,7.01,3699500.0,7.03,-0.02,-0.0028,2023-05-25
3454,sz002539,9.47,9.5,9.27,9.34,7177671.0,9.47,-0.13,-0.0137,2023-05-25
3455,sz002540,5.67,5.73,5.59,5.65,9415710.0,5.7,-0.05,-0.0088,2023-05-25
3456,sz002541,28.63,29.2,28.63,29.09,2346549.0,28.87,0.22,0.0076,2023-05-25
3457,sz002542,2.7,2.75,2.69,2.74,11665072.0,2.7,0.04,0.0148,2023-05-25
3458,sz002543,8.59,8.7,8.54,8.61,2600749.0,8.61,0.0,0.0,2023-05-25
3459,sz002544,20.06,20.34,19.83,20.1,2922426.0,19.99,0.11,0.0055,2023-05-25
3460,sz002545,8.0,8.05,7.9,8.0,8558511.0,8.01,-0.01,-0.0012,2023-05-25
3461,sz002546,6.3,7.33,6.21,7.33,214346554.0,6.66,0.67,0.1006,2023-05-25
3462,sz002547,4.38,4.39,4.3,4.36,14849962.0,4.36,0.0,0.0,2023-05-25
3463,sz002548,5.18,5.19,5.03,5.06,16876410.0,5.18,-0.12,-0.0232,2023-05-25
3464,sz002549,11.68,11.84,11.58,11.74,4287461.0,11.8,-0.06,-0.0051,2023-05-25
3465,sz002550,5.7,5.73,5.61,5.65,6486300.0,5.7,-0.05,-0.0088,2023-05-25
3466,sz002551,4.17,4.19,4.09,4.14,6538570.0,4.18,-0.04,-0.0096,2023-05-25
3467,sz002552,17.88,18.38,17.72,17.94,2858206.0,17.87,0.07,0.0039,2023-05-25
3468,sz002553,11.13,11.37,11.02,11.22,9413425.0,11.19,0.03,0.0027,2023-05-25
3469,sz002554,3.74,3.75,3.67,3.73,16527609.0,3.74,-0.01,-0.0027,2023-05-25
3470,sz002555,29.35,30.15,27.28,28.06,83023302.0,29.34,-1.28,-0.0436,2023-05-25
3471,sz002556,8.19,8.19,8.02,8.18,6169570.0,8.19,-0.01,-0.0012,2023-05-25
3472,sz002557,42.9,42.9,41.8,42.29,2449079.0,42.9,-0.61,-0.0142,2023-05-25
3473,sz002558,16.61,17.74,15.86,16.77,76285627.0,16.8,-0.03,-0.0018,2023-05-25
3474,sz002559,8.54,8.69,8.46,8.61,14308250.0,8.62,-0.01,-0.0012,2023-05-25
3475,sz002560,7.95,8.17,7.94,8.09,12539590.0,7.99,0.1,0.0125,2023-05-25
3476,sz002561,8.7,8.73,8.57,8.69,5684900.0,8.74,-0.05,-0.0057,2023-05-25
3477,sz002562,4.38,4.38,4.21,4.28,9691077.0,4.35,-0.07,-0.0161,2023-05-25
3478,sz002563,6.18,6.26,6.12,6.2,8841761.0,6.22,-0.02,-0.0032,2023-05-25
3479,sz002564,0.0,0.0,0.0,0.0,0.0,3.75,-3.75,-1.0,2023-05-25
3480,sz002565,3.54,3.56,3.48,3.52,8600800.0,3.55,-0.03,-0.0085,2023-05-25
3481,sz002566,8.61,8.62,8.37,8.49,4337724.0,8.61,-0.12,-0.0139,2023-05-25
3482,sz002567,6.84,6.88,6.58,6.71,28820230.0,6.85,-0.14,-0.0204,2023-05-25
3483,sz002568,36.33,36.73,35.99,36.48,3565212.0,36.78,-0.3,-0.0082,2023-05-25
3484,sz002569,5.41,5.41,5.26,5.33,1095100.0,5.44,-0.11,-0.0202,2023-05-25
3485,sz002570,4.29,4.3,4.2,4.24,12790432.0,4.3,-0.06,-0.014,2023-05-25
3486,sz002571,5.91,5.97,5.85,5.94,1399800.0,5.94,0.0,0.0,2023-05-25
3487,sz002572,16.51,16.6,16.27,16.47,5888350.0,16.52,-0.05,-0.003,2023-05-25
3488,sz002573,5.68,5.76,5.64,5.74,5435902.0,5.68,0.06,0.0106,2023-05-25
3489,sz002574,6.22,6.7,6.18,6.66,20337892.0,6.22,0.44,0.0707,2023-05-25
3490,sz002575,5.5,5.56,5.38,5.45,5910289.0,5.5,-0.05,-0.0091,2023-05-25
3491,sz002576,16.93,17.26,16.69,17.04,8695859.0,16.85,0.19,0.0113,2023-05-25
3492,sz002577,15.5,16.18,15.35,15.62,19534040.0,15.47,0.15,0.0097,2023-05-25
3493,sz002578,3.7,3.72,3.62,3.68,7619100.0,3.7,-0.02,-0.0054,2023-05-25
3494,sz002579,9.67,9.85,9.43,9.63,24461589.0,9.7,-0.07,-0.0072,2023-05-25
3495,sz002580,9.4,9.6,9.35,9.54,8504967.0,9.39,0.15,0.016,2023-05-25
3496,sz002581,18.42,18.83,18.28,18.59,4176704.0,18.49,0.1,0.0054,2023-05-25
3497,sz002582,7.92,7.92,7.56,7.68,15744100.0,7.84,-0.16,-0.0204,2023-05-25
3498,sz002583,5.72,5.79,5.56,5.67,13415540.0,5.7,-0.03,-0.0053,2023-05-25
3499,sz002584,5.45,5.5,5.35,5.44,8551991.0,5.47,-0.03,-0.0055,2023-05-25
3500,sz002585,10.33,10.47,10.16,10.29,11325219.0,10.32,-0.03,-0.0029,2023-05-25
3501,sz002586,2.77,2.8,2.7,2.77,4090200.0,2.77,0.0,0.0,2023-05-25
3502,sz002587,6.16,6.37,6.12,6.25,14767400.0,6.16,0.09,0.0146,2023-05-25
3503,sz002588,6.14,6.17,6.02,6.08,9504803.0,6.14,-0.06,-0.0098,2023-05-25
3504,sz002589,3.69,3.71,3.6,3.64,17354399.0,3.71,-0.07,-0.0189,2023-05-25
3505,sz002590,8.53,8.64,8.45,8.52,3155400.0,8.53,-0.01,-0.0012,2023-05-25
3506,sz002591,6.28,6.46,6.25,6.43,10678134.0,6.31,0.12,0.019,2023-05-25
3507,sz002592,4.67,4.75,4.63,4.69,1560001.0,4.68,0.01,0.0021,2023-05-25
3508,sz002593,3.59,3.61,3.55,3.59,4838000.0,3.59,0.0,0.0,2023-05-25
3509,sz002594,261.96,263.85,255.14,255.6,13207895.0,261.91,-6.31,-0.0241,2023-05-25
3510,sz002595,31.93,32.14,31.8,32.05,2128173.0,31.91,0.14,0.0044,2023-05-25
3511,sz002596,2.9,2.9,2.81,2.9,20302335.0,2.89,0.01,0.0035,2023-05-25
3512,sz002597,25.44,25.66,24.81,24.95,5665641.0,25.46,-0.51,-0.02,2023-05-25
3513,sz002598,11.07,11.23,11.0,11.17,4999188.0,11.07,0.1,0.009,2023-05-25
3514,sz002599,6.84,6.94,6.56,6.7,15412980.0,6.84,-0.14,-0.0205,2023-05-25
3515,sz002600,6.07,6.17,5.79,5.88,115881234.0,6.08,-0.2,-0.0329,2023-05-25
3516,sz002601,16.84,16.92,16.66,16.76,9194187.0,16.89,-0.13,-0.0077,2023-05-25
3517,sz002602,5.48,5.58,5.2,5.39,156910568.0,5.51,-0.12,-0.0218,2023-05-25
3518,sz002603,29.2,29.39,28.51,28.87,31003415.0,29.43,-0.56,-0.019,2023-05-25
3519,sz002605,30.6,31.65,29.0,29.84,12457976.0,30.15,-0.31,-0.0103,2023-05-25
3520,sz002606,9.37,9.53,9.37,9.46,6039808.0,9.37,0.09,0.0096,2023-05-25
3521,sz002607,4.56,4.74,4.54,4.64,168899344.0,4.56,0.08,0.0175,2023-05-25
3522,sz002608,7.15,7.3,7.09,7.17,9730365.0,7.12,0.05,0.007,2023-05-25
3523,sz002609,11.48,11.66,11.16,11.39,6630738.0,11.4,-0.01,-0.0009,2023-05-25
3524,sz002610,2.61,2.66,2.59,2.64,57278175.0,2.62,0.02,0.0076,2023-05-25
3525,sz002611,5.14,5.19,5.04,5.12,17311648.0,5.16,-0.04,-0.0078,2023-05-25
3526,sz002612,23.8,24.0,23.46,23.93,4894100.0,23.85,0.08,0.0034,2023-05-25
3527,sz002613,4.65,4.92,4.63,4.79,25083866.0,4.65,0.14,0.0301,2023-05-25
3528,sz002614,7.99,8.07,7.9,8.06,5187255.0,8.02,0.04,0.005,2023-05-25
3529,sz002615,7.0,7.06,6.8,7.03,5531910.0,6.98,0.05,0.0072,2023-05-25
3530,sz002616,5.12,5.3,5.11,5.28,10448104.0,5.15,0.13,0.0252,2023-05-25
3531,sz002617,7.09,7.22,7.03,7.16,38272263.0,7.11,0.05,0.007,2023-05-25
3532,sz002620,5.4,5.44,5.33,5.44,3358610.0,5.38,0.06,0.0112,2023-05-25
3533,sz002621,3.88,3.93,3.82,3.9,14116360.0,3.88,0.02,0.0052,2023-05-25
3534,sz002622,3.45,3.49,3.42,3.46,8577000.0,3.46,0.0,0.0,2023-05-25
3535,sz002623,28.2,28.78,27.8,28.75,4552993.0,28.22,0.53,0.0188,2023-05-25
3536,sz002624,17.7,18.13,17.09,17.41,63260080.0,17.81,-0.4,-0.0225,2023-05-25
3537,sz002625,15.96,16.29,15.96,16.15,10056249.0,16.02,0.13,0.0081,2023-05-25
3538,sz002626,19.83,19.98,19.51,19.77,3842177.0,20.01,-0.24,-0.012,2023-05-25
3539,sz002627,5.29,5.31,5.22,5.26,3749371.0,5.29,-0.03,-0.0057,2023-05-25
3540,sz002628,3.38,3.39,3.32,3.36,10055800.0,3.39,-0.03,-0.0088,2023-05-25
3541,sz002629,3.69,3.72,3.65,3.71,3364700.0,3.71,0.0,0.0,2023-05-25
3542,sz002630,2.65,2.79,2.63,2.75,82327171.0,2.68,0.07,0.0261,2023-05-25
3543,sz002631,5.49,5.55,5.42,5.5,2468628.0,5.5,0.0,0.0,2023-05-25
3544,sz002632,6.67,6.73,6.52,6.7,6185013.0,6.69,0.01,0.0015,2023-05-25
3545,sz002633,10.74,10.78,10.56,10.74,1008500.0,10.71,0.03,0.0028,2023-05-25
3546,sz002634,8.11,8.49,8.0,8.4,12877585.0,8.16,0.24,0.0294,2023-05-25
3547,sz002635,13.26,13.4,13.03,13.2,4908615.0,13.25,-0.05,-0.0038,2023-05-25
3548,sz002636,8.91,9.04,8.81,8.96,4913324.0,8.97,-0.01,-0.0011,2023-05-25
3549,sz002637,10.46,10.5,10.28,10.38,1443500.0,10.47,-0.09,-0.0086,2023-05-25
3550,sz002638,2.87,2.9,2.79,2.85,34425868.0,2.9,-0.05,-0.0172,2023-05-25
3551,sz002639,7.88,7.98,7.83,7.94,9224600.0,7.88,0.06,0.0076,2023-05-25
3552,sz002640,4.19,4.22,4.09,4.15,50730024.0,4.22,-0.07,-0.0166,2023-05-25
3553,sz002641,5.28,5.37,5.26,5.36,15805100.0,5.29,0.07,0.0132,2023-05-25
3554,sz002642,6.72,6.83,6.58,6.67,12211900.0,6.73,-0.06,-0.0089,2023-05-25
3555,sz002643,16.26,16.49,16.05,16.2,3396374.0,16.45,-0.25,-0.0152,2023-05-25
3556,sz002644,13.04,13.2,12.68,12.75,6595650.0,13.1,-0.35,-0.0267,2023-05-25
3557,sz002645,12.5,12.57,12.32,12.51,2371220.0,12.46,0.05,0.004,2023-05-25
3558,sz002646,14.17,14.17,13.84,13.98,3065998.0,14.15,-0.17,-0.012,2023-05-25
3559,sz002647,5.4,5.43,5.26,5.31,10266200.0,5.4,-0.09,-0.0167,2023-05-25
3560,sz002648,13.06,13.13,12.75,12.87,13361338.0,13.09,-0.22,-0.0168,2023-05-25
3561,sz002649,13.22,13.49,12.79,13.0,15306000.0,13.27,-0.27,-0.0203,2023-05-25
3562,sz002650,3.82,3.83,3.73,3.77,5173600.0,3.82,-0.05,-0.0131,2023-05-25
3563,sz002651,7.33,7.41,7.28,7.37,5458506.0,7.29,0.08,0.011,2023-05-25
3564,sz002652,2.63,2.7,2.62,2.7,6483500.0,2.64,0.06,0.0227,2023-05-25
3565,sz002653,26.17,26.32,25.75,26.0,1344520.0,26.22,-0.22,-0.0084,2023-05-25
3566,sz002654,6.76,7.25,6.68,7.06,122945688.0,6.59,0.47,0.0713,2023-05-25
3567,sz002655,12.06,12.24,12.0,12.23,4261200.0,12.03,0.2,0.0166,2023-05-25
3568,sz002656,0.0,0.0,0.0,0.0,0.0,2.06,-2.06,-1.0,2023-05-25
3569,sz002657,15.88,16.09,15.28,15.51,8425606.0,15.99,-0.48,-0.03,2023-05-25
3570,sz002658,8.26,8.39,8.16,8.3,9383752.0,8.17,0.13,0.0159,2023-05-25
3571,sz002659,4.52,4.59,4.4,4.47,13577400.0,4.55,-0.08,-0.0176,2023-05-25
3572,sz002660,9.27,9.42,9.23,9.42,5579300.0,9.31,0.11,0.0118,2023-05-25
3573,sz002661,11.68,11.75,11.43,11.51,3292736.0,11.68,-0.17,-0.0146,2023-05-25
3574,sz002662,3.25,3.26,3.18,3.22,14108343.0,3.24,-0.02,-0.0062,2023-05-25
3575,sz002663,1.82,1.83,1.77,1.78,17995692.0,1.83,-0.05,-0.0273,2023-05-25
3576,sz002664,13.45,13.45,13.06,13.18,1829334.0,13.23,-0.05,-0.0038,2023-05-25
3577,sz002665,3.65,3.73,3.65,3.67,50528829.0,3.7,-0.03,-0.0081,2023-05-25
3578,sz002666,4.95,4.96,4.85,4.9,4604800.0,4.93,-0.03,-0.0061,2023-05-25
3579,sz002667,16.2,16.58,16.12,16.37,3617003.0,16.28,0.09,0.0055,2023-05-25
3580,sz002668,7.65,7.74,7.51,7.74,15685101.0,7.64,0.1,0.0131,2023-05-25
3581,sz002669,12.34,12.52,12.3,12.43,4519534.0,12.35,0.08,0.0065,2023-05-25
3582,sz002670,7.95,8.08,7.92,8.07,7145264.0,7.99,0.08,0.01,2023-05-25
3583,sz002671,4.27,4.27,4.18,4.24,4554669.0,4.27,-0.03,-0.007,2023-05-25
3584,sz002672,6.14,6.22,6.07,6.21,3260321.0,6.15,0.06,0.0098,2023-05-25
3585,sz002673,6.4,6.48,6.38,6.46,19526404.0,6.41,0.05,0.0078,2023-05-25
3586,sz002674,11.51,11.9,11.51,11.82,3707800.0,11.55,0.27,0.0234,2023-05-25
3587,sz002675,16.3,16.66,16.17,16.37,7922115.0,16.4,-0.03,-0.0018,2023-05-25
3588,sz002676,3.97,3.97,3.9,3.96,5185700.0,3.96,0.0,0.0,2023-05-25
3589,sz002677,10.55,10.6,10.37,10.48,2899771.0,10.54,-0.06,-0.0057,2023-05-25
3590,sz002678,5.82,5.87,5.71,5.79,2489462.0,5.82,-0.03,-0.0052,2023-05-25
3591,sz002679,11.4,11.43,11.22,11.31,996551.0,11.36,-0.05,-0.0044,2023-05-25
3592,sz002681,4.94,5.04,4.68,4.78,92915525.0,4.97,-0.19,-0.0382,2023-05-25
3593,sz002682,4.08,4.1,3.99,4.07,8056100.0,4.09,-0.02,-0.0049,2023-05-25
3594,sz002683,29.93,30.22,29.14,29.39,6865773.0,30.11,-0.72,-0.0239,2023-05-25
3595,sz002685,3.79,3.84,3.76,3.84,11064200.0,3.78,0.06,0.0159,2023-05-25
3596,sz002686,6.59,6.65,6.53,6.64,4533867.0,6.63,0.01,0.0015,2023-05-25
3597,sz002687,4.84,4.87,4.77,4.84,4347600.0,4.86,-0.02,-0.0041,2023-05-25
3598,sz002688,5.21,5.21,5.08,5.14,3822773.0,5.15,-0.01,-0.0019,2023-05-25
3599,sz002689,4.69,4.87,4.56,4.83,119145306.0,4.86,-0.03,-0.0062,2023-05-25
3600,sz002690,25.29,25.3,24.75,25.13,1850168.0,25.18,-0.05,-0.002,2023-05-25
3601,sz002691,5.86,5.91,5.83,5.9,3026063.0,5.85,0.05,0.0085,2023-05-25
3602,sz002692,3.88,3.91,3.87,3.9,2446100.0,3.9,0.0,0.0,2023-05-25
3603,sz002693,6.56,6.62,6.41,6.47,5609520.0,6.62,-0.15,-0.0227,2023-05-25
3604,sz002694,5.36,5.41,5.26,5.35,4847400.0,5.35,0.0,0.0,2023-05-25
3605,sz002695,11.22,11.22,10.95,11.0,3325864.0,11.21,-0.21,-0.0187,2023-05-25
3606,sz002696,6.32,6.32,6.12,6.2,2880500.0,6.29,-0.09,-0.0143,2023-05-25
3607,sz002697,5.43,5.48,5.31,5.39,15358650.0,5.45,-0.06,-0.011,2023-05-25
3608,sz002698,15.8,16.18,15.6,15.8,6787940.0,15.86,-0.06,-0.0038,2023-05-25
3609,sz002699,1.81,1.84,1.78,1.78,40306200.0,1.87,-0.09,-0.0481,2023-05-25
3610,sz002700,4.6,4.63,4.56,4.62,736400.0,4.61,0.01,0.0022,2023-05-25
3611,sz002701,4.78,4.84,4.72,4.74,10750706.0,4.79,-0.05,-0.0104,2023-05-25
3612,sz002702,5.62,5.65,5.53,5.59,5256620.0,5.6,-0.01,-0.0018,2023-05-25
3613,sz002703,7.79,7.85,7.69,7.76,8374000.0,7.77,-0.01,-0.0013,2023-05-25
3614,sz002705,17.14,17.4,16.94,17.29,5035619.0,17.2,0.09,0.0052,2023-05-25
3615,sz002706,11.06,11.18,10.91,11.15,7652818.0,11.08,0.07,0.0063,2023-05-25
3616,sz002707,7.34,7.42,7.16,7.27,13453975.0,7.43,-0.16,-0.0215,2023-05-25
3617,sz002708,6.02,6.21,5.9,6.16,22243680.0,6.21,-0.05,-0.0081,2023-05-25
3618,sz002709,43.9,44.91,43.51,44.51,10855483.0,44.16,0.35,0.0079,2023-05-25
3619,sz002712,7.37,7.51,7.11,7.23,25231530.0,7.45,-0.22,-0.0295,2023-05-25
3620,sz002713,7.7,7.85,7.62,7.82,3683433.0,7.78,0.04,0.0051,2023-05-25
3621,sz002714,42.99,43.18,42.51,42.84,13060858.0,43.18,-0.34,-0.0079,2023-05-25
3622,sz002715,13.17,13.3,12.97,13.2,911000.0,13.17,0.03,0.0023,2023-05-25
3623,sz002716,2.99,3.01,2.9,2.93,32216690.0,3.05,-0.12,-0.0393,2023-05-25
3624,sz002717,3.16,3.16,3.07,3.11,35927067.0,3.15,-0.04,-0.0127,2023-05-25
3625,sz002718,14.99,15.16,14.82,15.11,643600.0,15.02,0.09,0.006,2023-05-25
3626,sz002719,9.67,9.7,9.31,9.49,6477180.0,9.66,-0.17,-0.0176,2023-05-25
3627,sz002721,3.44,3.58,3.3,3.41,16185277.0,3.46,-0.05,-0.0145,2023-05-25
3628,sz002722,14.15,14.25,13.99,14.18,1369200.0,14.18,0.0,0.0,2023-05-25
3629,sz002723,10.55,10.7,10.45,10.58,2767740.0,10.63,-0.05,-0.0047,2023-05-25
3630,sz002724,8.63,8.72,8.45,8.56,3165381.0,8.65,-0.09,-0.0104,2023-05-25
3631,sz002725,8.74,8.82,8.59,8.71,2832000.0,8.76,-0.05,-0.0057,2023-05-25
3632,sz002726,8.58,8.58,8.42,8.47,3425558.0,8.54,-0.07,-0.0082,2023-05-25
3633,sz002727,27.31,27.48,26.8,27.13,3413341.0,27.37,-0.24,-0.0088,2023-05-25
3634,sz002728,25.9,26.5,25.58,25.9,29568265.0,26.7,-0.8,-0.03,2023-05-25
3635,sz002729,19.88,20.36,19.62,20.27,5414817.0,19.87,0.4,0.0201,2023-05-25
3636,sz002730,9.32,9.37,9.15,9.26,5217667.0,9.32,-0.06,-0.0064,2023-05-25
3637,sz002731,13.36,13.48,13.1,13.36,1269850.0,13.37,-0.01,-0.0007,2023-05-25
3638,sz002732,21.79,21.88,21.38,21.55,1402400.0,21.66,-0.11,-0.0051,2023-05-25
3639,sz002733,16.77,17.16,16.72,17.11,4723288.0,16.86,0.25,0.0148,2023-05-25
3640,sz002734,9.43,9.43,9.19,9.28,2182400.0,9.38,-0.1,-0.0107,2023-05-25
3641,sz002735,13.7,13.7,13.35,13.53,1894901.0,13.6,-0.07,-0.0051,2023-05-25
3642,sz002736,9.15,9.22,9.07,9.18,15005024.0,9.18,0.0,0.0,2023-05-25
3643,sz002737,25.26,26.08,25.18,25.57,6682605.0,25.38,0.19,0.0075,2023-05-25
3644,sz002738,77.99,78.3,76.22,77.2,7979693.0,77.6,-0.4,-0.0052,2023-05-25
3645,sz002739,12.53,12.65,12.18,12.33,35589929.0,12.63,-0.3,-0.0238,2023-05-25
3646,sz002740,2.6,2.6,2.6,2.6,1121400.0,2.74,-0.14,-0.0511,2023-05-25
3647,sz002741,16.88,17.06,16.53,16.71,2197978.0,16.88,-0.17,-0.0101,2023-05-25
3648,sz002742,3.52,3.53,3.42,3.44,2502000.0,3.53,-0.09,-0.0255,2023-05-25
3649,sz002743,5.69,5.7,5.6,5.66,3698000.0,5.67,-0.01,-0.0018,2023-05-25
3650,sz002745,9.01,9.12,8.84,8.97,8594877.0,9.0,-0.03,-0.0033,2023-05-25
3651,sz002746,8.45,8.52,8.28,8.36,6954888.0,8.51,-0.15,-0.0176,2023-05-25
3652,sz002747,25.27,25.91,24.95,25.36,13373665.0,25.39,-0.03,-0.0012,2023-05-25
3653,sz002748,10.38,10.46,10.26,10.38,1496700.0,10.43,-0.05,-0.0048,2023-05-25
3654,sz002749,10.63,10.77,10.48,10.65,2795658.0,10.66,-0.01,-0.0009,2023-05-25
3655,sz002750,9.96,9.97,9.7,9.8,5581900.0,9.99,-0.19,-0.019,2023-05-25
3656,sz002751,0.0,0.0,0.0,0.0,0.0,4.94,-4.94,-1.0,2023-05-25
3657,sz002752,4.9,4.91,4.81,4.86,4970582.0,4.91,-0.05,-0.0102,2023-05-25
3658,sz002753,7.38,7.41,7.23,7.35,2710601.0,7.41,-0.06,-0.0081,2023-05-25
3659,sz002755,10.75,10.79,10.39,10.53,3420825.0,10.77,-0.24,-0.0223,2023-05-25
3660,sz002756,68.8,68.92,67.26,67.98,11721350.0,69.4,-1.42,-0.0205,2023-05-25
3661,sz002757,14.14,14.36,13.96,14.26,5756200.0,14.15,0.11,0.0078,2023-05-25
3662,sz002758,13.16,13.28,12.85,13.0,10939822.0,13.3,-0.3,-0.0226,2023-05-25
3663,sz002759,14.53,14.68,14.39,14.56,3537873.0,14.63,-0.07,-0.0048,2023-05-25
3664,sz002760,26.69,26.69,25.53,26.22,2263487.0,26.41,-0.19,-0.0072,2023-05-25
3665,sz002761,14.9,16.38,14.88,16.38,36328408.0,14.89,1.49,0.1001,2023-05-25
3666,sz002762,9.28,9.48,9.26,9.43,9799150.0,9.35,0.08,0.0086,2023-05-25
3667,sz002763,8.7,8.8,8.6,8.73,2667360.0,8.7,0.03,0.0034,2023-05-25
3668,sz002765,6.92,7.03,6.89,6.97,6157800.0,6.97,0.0,0.0,2023-05-25
3669,sz002766,5.26,5.28,5.18,5.24,3694000.0,5.24,0.0,0.0,2023-05-25
3670,sz002767,13.4,13.51,13.26,13.45,1327700.0,13.38,0.07,0.0052,2023-05-25
3671,sz002768,24.88,24.94,24.32,24.59,1811943.0,24.87,-0.28,-0.0113,2023-05-25
3672,sz002769,9.0,9.28,9.0,9.1,3369080.0,9.08,0.02,0.0022,2023-05-25
3673,sz002771,12.12,12.31,11.76,12.01,5123190.0,12.25,-0.24,-0.0196,2023-05-25
3674,sz002772,10.33,10.45,10.16,10.3,5670131.0,10.38,-0.08,-0.0077,2023-05-25
3675,sz002773,20.0,20.01,19.09,19.39,13074664.0,20.16,-0.77,-0.0382,2023-05-25
3676,sz002774,7.16,7.3,7.15,7.27,2566300.0,7.16,0.11,0.0154,2023-05-25
3677,sz002775,3.81,3.82,3.75,3.8,4322204.0,3.79,0.01,0.0026,2023-05-25
3678,sz002776,2.61,2.65,2.57,2.62,2302525.0,2.63,-0.01,-0.0038,2023-05-25
3679,sz002777,26.56,27.19,25.46,26.14,17955475.0,26.69,-0.55,-0.0206,2023-05-25
3680,sz002778,14.86,14.86,14.53,14.69,1101940.0,14.7,-0.01,-0.0007,2023-05-25
3681,sz002779,25.83,26.1,25.59,25.94,616900.0,25.96,-0.02,-0.0008,2023-05-25
3682,sz002780,13.92,14.14,13.75,13.99,5361225.0,13.89,0.1,0.0072,2023-05-25
3683,sz002781,0.0,0.0,0.0,0.0,0.0,1.64,-1.64,-1.0,2023-05-25
3684,sz002782,15.54,15.85,15.43,15.71,5308181.0,15.52,0.19,0.0122,2023-05-25
3685,sz002783,8.57,8.59,8.43,8.51,3835495.0,8.57,-0.06,-0.007,2023-05-25
3686,sz002785,21.1,21.5,21.01,21.18,2830900.0,21.08,0.1,0.0047,2023-05-25
3687,sz002786,5.7,5.81,5.65,5.73,8510600.0,5.74,-0.01,-0.0017,2023-05-25
3688,sz002787,6.82,7.01,6.81,6.92,5705100.0,6.84,0.08,0.0117,2023-05-25
3689,sz002788,9.61,9.64,9.38,9.5,5767640.0,9.63,-0.13,-0.0135,2023-05-25
3690,sz002789,14.39,14.75,14.39,14.69,1673470.0,14.58,0.11,0.0075,2023-05-25
3691,sz002790,8.53,8.58,8.4,8.55,2666556.0,8.56,-0.01,-0.0012,2023-05-25
3692,sz002791,64.2,64.64,63.2,63.94,1228436.0,64.3,-0.36,-0.0056,2023-05-25
3693,sz002792,13.96,14.44,13.61,14.08,16543439.0,13.96,0.12,0.0086,2023-05-25
3694,sz002793,6.66,6.72,6.47,6.57,10070048.0,6.76,-0.19,-0.0281,2023-05-25
3695,sz002795,12.15,12.68,12.1,12.35,6824893.0,12.13,0.22,0.0181,2023-05-25
3696,sz002796,10.67,10.83,10.4,10.58,7330350.0,10.72,-0.14,-0.0131,2023-05-25
3697,sz002797,5.76,5.82,5.73,5.8,30593580.0,5.76,0.04,0.0069,2023-05-25
3698,sz002798,6.72,6.75,6.56,6.64,2329388.0,6.72,-0.08,-0.0119,2023-05-25
3699,sz002799,12.03,12.03,11.7,11.83,1408912.0,11.97,-0.14,-0.0117,2023-05-25
3700,sz002800,15.2,15.29,14.7,14.82,2371900.0,15.34,-0.52,-0.0339,2023-05-25
3701,sz002801,24.66,24.91,24.4,24.81,1340370.0,24.64,0.17,0.0069,2023-05-25
3702,sz002802,10.55,10.66,10.39,10.56,1026117.0,10.56,0.0,0.0,2023-05-25
3703,sz002803,21.39,21.74,20.21,20.88,25853859.0,21.35,-0.47,-0.022,2023-05-25
3704,sz002805,29.77,29.77,29.01,29.31,2436829.0,29.58,-0.27,-0.0091,2023-05-25
3705,sz002806,11.06,11.13,10.93,11.05,2090319.0,11.1,-0.05,-0.0045,2023-05-25
3706,sz002807,3.99,4.01,3.95,3.97,16459732.0,4.0,-0.03,-0.0075,2023-05-25
3707,sz002808,6.38,6.49,6.38,6.38,11378080.0,6.72,-0.34,-0.0506,2023-05-25
3708,sz002809,10.54,10.7,10.4,10.55,3214090.0,10.6,-0.05,-0.0047,2023-05-25
3709,sz002810,19.3,19.44,18.87,19.0,3748427.0,19.44,-0.44,-0.0226,2023-05-25
3710,sz002811,8.16,8.23,8.05,8.18,1415300.0,8.19,-0.01,-0.0012,2023-05-25
3711,sz002812,99.21,99.56,97.2,97.51,8969366.0,100.03,-2.52,-0.0252,2023-05-25
3712,sz002813,31.59,32.06,31.34,31.9,708500.0,31.6,0.3,0.0095,2023-05-25
3713,sz002815,11.6,11.91,11.51,11.73,7650651.0,11.58,0.15,0.013,2023-05-25
3714,sz002816,9.99,9.99,9.58,9.72,1115800.0,9.99,-0.27,-0.027,2023-05-25
3715,sz002817,8.9,8.97,8.77,8.87,3758873.0,8.92,-0.05,-0.0056,2023-05-25
3716,sz002818,12.48,12.53,12.3,12.49,1882027.0,12.53,-0.04,-0.0032,2023-05-25
3717,sz002819,30.22,31.1,29.9,30.96,4578990.0,30.76,0.2,0.0065,2023-05-25
3718,sz002820,11.73,11.99,11.2,11.4,33789779.0,12.1,-0.7,-0.0579,2023-05-25
3719,sz002821,132.51,133.83,131.03,132.85,2180763.0,133.24,-0.39,-0.0029,2023-05-25
3720,sz002822,4.33,4.38,4.31,4.37,5340594.0,4.34,0.03,0.0069,2023-05-25
3721,sz002823,9.96,10.0,9.83,9.96,3760092.0,9.96,0.0,0.0,2023-05-25
3722,sz002824,26.75,27.16,26.52,26.85,1763700.0,26.93,-0.08,-0.003,2023-05-25
3723,sz002825,12.87,12.87,12.56,12.73,1646036.0,12.73,0.0,0.0,2023-05-25
3724,sz002826,10.95,11.02,10.75,10.88,2093700.0,11.0,-0.12,-0.0109,2023-05-25
3725,sz002827,11.69,11.71,11.13,11.35,8176300.0,11.72,-0.37,-0.0316,2023-05-25
3726,sz002828,8.23,8.41,8.13,8.35,5002370.0,8.26,0.09,0.0109,2023-05-25
3727,sz002829,36.87,37.43,36.58,37.04,1162728.0,36.92,0.12,0.0033,2023-05-25
3728,sz002830,12.28,12.41,12.14,12.39,749900.0,12.29,0.1,0.0081,2023-05-25
3729,sz002831,25.09,25.09,24.51,24.73,2496189.0,25.06,-0.33,-0.0132,2023-05-25
3730,sz002832,35.45,35.51,34.13,34.6,3321200.0,35.51,-0.91,-0.0256,2023-05-25
3731,sz002833,18.02,18.1,17.63,17.83,3573354.0,17.91,-0.08,-0.0045,2023-05-25
3732,sz002835,16.0,16.2,15.37,15.71,6425500.0,16.03,-0.32,-0.02,2023-05-25
3733,sz002836,9.78,9.78,9.61,9.76,995680.0,9.73,0.03,0.0031,2023-05-25
3734,sz002837,27.53,28.33,26.5,27.12,16366739.0,26.79,0.33,0.0123,2023-05-25
3735,sz002838,17.26,17.39,17.15,17.34,2877622.0,17.25,0.09,0.0052,2023-05-25
3736,sz002839,4.5,4.52,4.45,4.48,12835232.0,4.5,-0.02,-0.0044,2023-05-25
3737,sz002840,16.3,16.49,16.13,16.35,2059680.0,16.38,-0.03,-0.0018,2023-05-25
3738,sz002841,61.39,62.19,60.7,61.61,1445031.0,61.69,-0.08,-0.0013,2023-05-25
3739,sz002842,8.42,8.42,8.2,8.3,3065200.0,8.39,-0.09,-0.0107,2023-05-25
3740,sz002843,17.11,18.71,16.92,18.71,8578135.0,17.01,1.7,0.0999,2023-05-25
3741,sz002845,14.28,14.6,14.1,14.36,7706580.0,14.37,-0.01,-0.0007,2023-05-25
3742,sz002846,9.8,10.24,9.58,9.78,12806651.0,9.8,-0.02,-0.002,2023-05-25
3743,sz002847,86.71,87.78,82.78,83.57,1236789.0,87.21,-3.64,-0.0417,2023-05-25
3744,sz002848,9.49,9.58,9.32,9.4,2519100.0,9.43,-0.03,-0.0032,2023-05-25
3745,sz002849,19.38,19.57,19.0,19.46,1729100.0,19.49,-0.03,-0.0015,2023-05-25
3746,sz002850,130.0,135.32,128.68,134.01,2174181.0,131.7,2.31,0.0175,2023-05-25
3747,sz002851,30.84,32.15,30.84,31.5,3125514.0,31.01,0.49,0.0158,2023-05-25
3748,sz002852,14.03,14.14,13.72,13.91,4739745.0,14.15,-0.24,-0.017,2023-05-25
3749,sz002853,16.9,16.93,16.22,16.45,1360100.0,16.85,-0.4,-0.0237,2023-05-25
3750,sz002855,9.58,9.68,9.41,9.55,2027300.0,9.58,-0.03,-0.0031,2023-05-25
3751,sz002856,10.12,10.23,9.98,10.17,2702680.0,10.1,0.07,0.0069,2023-05-25
3752,sz002857,20.17,20.27,19.41,19.8,2784720.0,20.18,-0.38,-0.0188,2023-05-25
3753,sz002858,25.35,25.58,22.77,23.99,17340110.0,25.17,-1.18,-0.0469,2023-05-25
3754,sz002859,27.49,27.75,27.0,27.35,1992300.0,27.49,-0.14,-0.0051,2023-05-25
3755,sz002860,13.52,13.85,13.42,13.8,6739300.0,13.53,0.27,0.02,2023-05-25
3756,sz002861,11.52,11.59,11.23,11.43,2041640.0,11.53,-0.1,-0.0087,2023-05-25
3757,sz002862,18.79,18.79,18.18,18.75,1498932.0,18.6,0.15,0.0081,2023-05-25
3758,sz002863,5.64,5.71,5.6,5.7,9951891.0,5.65,0.05,0.0088,2023-05-25
3759,sz002864,48.3,48.48,45.9,46.41,7381706.0,48.82,-2.41,-0.0494,2023-05-25
3760,sz002865,116.35,131.45,116.3,130.15,22199302.0,119.5,10.65,0.0891,2023-05-25
3761,sz002866,29.02,29.7,28.15,28.62,13703377.0,28.88,-0.26,-0.009,2023-05-25
3762,sz002867,17.39,17.43,16.81,17.0,8888951.0,17.57,-0.57,-0.0324,2023-05-25
3763,sz002868,37.53,40.87,36.83,38.97,11488087.0,37.84,1.13,0.0299,2023-05-25
3764,sz002869,23.1,23.55,22.45,22.66,2938830.0,23.28,-0.62,-0.0266,2023-05-25
3765,sz002870,30.86,31.59,30.4,30.89,3661100.0,31.06,-0.17,-0.0055,2023-05-25
3766,sz002871,12.3,12.43,12.15,12.31,2192985.0,12.25,0.06,0.0049,2023-05-25
3767,sz002872,5.3,5.3,5.19,5.22,818600.0,5.3,-0.08,-0.0151,2023-05-25
3768,sz002873,14.6,14.72,14.28,14.44,3422904.0,14.63,-0.19,-0.013,2023-05-25
3769,sz002875,14.84,15.36,14.7,14.98,26490119.0,15.05,-0.07,-0.0047,2023-05-25
3770,sz002876,37.42,38.66,37.42,37.97,4153598.0,37.76,0.21,0.0056,2023-05-25
3771,sz002877,9.48,9.51,9.19,9.33,16359860.0,9.66,-0.33,-0.0342,2023-05-25
3772,sz002878,16.87,17.17,16.36,16.64,5036071.0,16.94,-0.3,-0.0177,2023-05-25
3773,sz002879,16.1,16.56,15.97,16.43,2995675.0,16.1,0.33,0.0205,2023-05-25
3774,sz002880,32.76,33.48,32.58,32.95,888330.0,32.74,0.21,0.0064,2023-05-25
3775,sz002881,31.53,31.85,30.25,30.79,3770400.0,31.3,-0.51,-0.0163,2023-05-25
3776,sz002882,16.4,16.54,15.68,15.93,17818752.0,16.4,-0.47,-0.0287,2023-05-25
3777,sz002883,11.61,11.81,11.54,11.69,3180700.0,11.69,0.0,0.0,2023-05-25
3778,sz002884,14.69,14.77,14.45,14.6,890687.0,14.7,-0.1,-0.0068,2023-05-25
3779,sz002885,31.03,32.62,30.92,32.34,8347192.0,31.17,1.17,0.0375,2023-05-25
3780,sz002886,17.92,18.12,17.73,17.93,3040059.0,17.82,0.11,0.0062,2023-05-25
3781,sz002887,9.16,9.21,9.04,9.14,1765527.0,9.16,-0.02,-0.0022,2023-05-25
3782,sz002888,16.01,16.24,15.55,15.9,9478750.0,16.2,-0.3,-0.0185,2023-05-25
3783,sz002889,24.78,24.96,24.61,24.94,863600.0,24.91,0.03,0.0012,2023-05-25
3784,sz002890,19.2,19.47,19.01,19.29,1306120.0,19.19,0.1,0.0052,2023-05-25
3785,sz002891,22.84,22.99,22.51,22.76,1967760.0,22.9,-0.14,-0.0061,2023-05-25
3786,sz002892,13.39,13.73,13.36,13.6,5922705.0,13.5,0.1,0.0074,2023-05-25
3787,sz002893,10.52,11.22,10.5,10.85,28586140.0,11.17,-0.32,-0.0286,2023-05-25
3788,sz002895,20.28,20.4,19.83,19.97,5223097.0,20.37,-0.4,-0.0196,2023-05-25
3789,sz002896,28.03,28.7,27.25,28.02,21945951.0,29.25,-1.23,-0.0421,2023-05-25
3790,sz002897,39.76,40.67,38.64,39.31,8535798.0,39.82,-0.51,-0.0128,2023-05-25
3791,sz002898,11.5,11.54,11.12,11.25,3039780.0,11.5,-0.25,-0.0217,2023-05-25
3792,sz002899,14.3,14.38,14.03,14.32,2114600.0,14.18,0.14,0.0099,2023-05-25
3793,sz002900,12.88,12.97,12.7,12.83,1960677.0,12.9,-0.07,-0.0054,2023-05-25
3794,sz002901,33.14,33.37,32.33,32.98,1356303.0,33.38,-0.4,-0.012,2023-05-25
3795,sz002902,15.04,15.45,14.84,15.26,8963103.0,15.18,0.08,0.0053,2023-05-25
3796,sz002903,25.2,25.37,24.56,25.03,3664780.0,25.05,-0.02,-0.0008,2023-05-25
3797,sz002905,8.63,8.69,8.36,8.51,5312140.0,8.58,-0.07,-0.0082,2023-05-25
3798,sz002906,27.0,27.59,26.85,27.16,3647696.0,27.08,0.08,0.003,2023-05-25
3799,sz002907,16.05,16.2,15.76,15.94,2631296.0,16.06,-0.12,-0.0075,2023-05-25
3800,sz002908,20.74,20.98,20.01,20.38,6457778.0,20.74,-0.36,-0.0174,2023-05-25
3801,sz002909,7.87,7.91,7.68,7.76,5472286.0,7.88,-0.12,-0.0152,2023-05-25
3802,sz002910,11.46,11.5,11.07,11.19,3294673.0,11.5,-0.31,-0.027,2023-05-25
3803,sz002911,11.9,12.96,11.86,12.43,13135677.0,11.94,0.49,0.041,2023-05-25
3804,sz002912,40.39,41.14,39.4,40.6,2892601.0,40.38,0.22,0.0054,2023-05-25
3805,sz002913,34.09,35.42,32.19,34.89,6919669.0,33.36,1.53,0.0459,2023-05-25
3806,sz002915,18.44,18.57,18.17,18.3,2189232.0,18.32,-0.02,-0.0011,2023-05-25
3807,sz002916,73.67,75.83,72.78,74.72,4698564.0,73.46,1.26,0.0172,2023-05-25
3808,sz002917,11.2,11.33,10.97,11.08,7166088.0,11.27,-0.19,-0.0169,2023-05-25
3809,sz002918,14.96,15.09,14.65,14.95,3481777.0,14.96,-0.01,-0.0007,2023-05-25
3810,sz002919,39.0,39.0,36.95,37.33,5242200.0,38.6,-1.27,-0.0329,2023-05-25
3811,sz002920,106.2,107.38,105.01,106.73,1519311.0,106.84,-0.11,-0.001,2023-05-25
3812,sz002921,14.48,15.97,14.38,15.97,10448291.0,14.52,1.45,0.0999,2023-05-25
3813,sz002922,15.15,15.37,14.73,14.96,4336009.0,14.71,0.25,0.017,2023-05-25
3814,sz002923,19.68,19.76,19.39,19.63,1578420.0,19.68,-0.05,-0.0025,2023-05-25
3815,sz002925,18.39,18.55,18.09,18.36,3527803.0,18.39,-0.03,-0.0016,2023-05-25
3816,sz002926,8.18,8.27,8.13,8.22,13388136.0,8.17,0.05,0.0061,2023-05-25
3817,sz002927,13.54,14.32,13.54,13.99,9239078.0,13.64,0.35,0.0257,2023-05-25
3818,sz002928,9.7,9.81,9.48,9.59,7837282.0,9.74,-0.15,-0.0154,2023-05-25
3819,sz002929,40.1,40.6,39.8,40.42,2555030.0,40.1,0.32,0.008,2023-05-25
3820,sz002930,22.13,22.55,21.79,22.01,930888.0,22.02,-0.01,-0.0005,2023-05-25
3821,sz002931,10.94,11.13,10.8,11.08,1862480.0,10.86,0.22,0.0203,2023-05-25
3822,sz002932,46.8,46.98,46.06,46.29,1367044.0,46.95,-0.66,-0.0141,2023-05-25
3823,sz002933,29.63,30.82,29.42,30.06,2635700.0,29.6,0.46,0.0155,2023-05-25
3824,sz002935,24.78,25.15,24.61,24.97,1524555.0,24.9,0.07,0.0028,2023-05-25
3825,sz002936,2.33,2.34,2.3,2.32,35893061.0,2.33,-0.01,-0.0043,2023-05-25
3826,sz002937,22.91,23.37,22.88,23.25,3628429.0,22.91,0.34,0.0148,2023-05-25
3827,sz002938,24.08,24.49,23.66,24.05,17625071.0,23.84,0.21,0.0088,2023-05-25
3828,sz002939,8.41,8.47,8.39,8.46,16238686.0,8.41,0.05,0.0059,2023-05-25
3829,sz002940,19.99,20.26,19.63,19.85,1426194.0,19.99,-0.14,-0.007,2023-05-25
3830,sz002941,15.01,15.22,14.78,15.07,16001401.0,15.1,-0.03,-0.002,2023-05-25
3831,sz002942,18.66,18.87,18.42,18.7,364169.0,18.55,0.15,0.0081,2023-05-25
3832,sz002943,31.55,33.36,31.53,32.68,6010476.0,31.55,1.13,0.0358,2023-05-25
3833,sz002945,13.71,14.11,13.67,14.0,14502551.0,13.85,0.15,0.0108,2023-05-25
3834,sz002946,16.14,16.24,15.67,15.82,2910776.0,16.17,-0.35,-0.0216,2023-05-25
3835,sz002947,21.62,21.68,21.23,21.54,2221400.0,21.55,-0.01,-0.0005,2023-05-25
3836,sz002948,3.3,3.32,3.28,3.31,16297259.0,3.31,0.0,0.0,2023-05-25
3837,sz002949,14.11,14.24,13.96,14.13,3147800.0,14.16,-0.03,-0.0021,2023-05-25
3838,sz002950,11.28,11.29,10.96,11.12,2939500.0,11.24,-0.12,-0.0107,2023-05-25
3839,sz002951,10.05,10.11,9.72,9.86,6250472.0,10.03,-0.17,-0.0169,2023-05-25
3840,sz002952,17.16,17.55,16.93,17.34,2095800.0,17.29,0.05,0.0029,2023-05-25
3841,sz002953,12.47,12.86,12.39,12.63,14462785.0,12.37,0.26,0.021,2023-05-25
3842,sz002955,24.58,24.86,23.85,24.29,3358393.0,24.63,-0.34,-0.0138,2023-05-25
3843,sz002956,16.27,16.32,15.9,16.16,1886800.0,16.16,0.0,0.0,2023-05-25
3844,sz002957,18.2,18.99,17.93,18.26,17316015.0,18.38,-0.12,-0.0065,2023-05-25
3845,sz002958,2.83,2.83,2.78,2.8,32774013.0,2.83,-0.03,-0.0106,2023-05-25
3846,sz002959,82.21,84.88,82.18,84.75,1160904.0,82.87,1.88,0.0227,2023-05-25
3847,sz002960,24.31,24.36,23.45,23.64,5402668.0,24.4,-0.76,-0.0311,2023-05-25
3848,sz002961,14.4,14.79,14.2,14.54,2805498.0,14.41,0.13,0.009,2023-05-25
3849,sz002962,11.34,11.55,11.19,11.34,3463936.0,11.36,-0.02,-0.0018,2023-05-25
3850,sz002963,14.03,14.23,13.92,14.1,784900.0,14.1,0.0,0.0,2023-05-25
3851,sz002965,50.58,51.69,49.8,50.59,4377036.0,51.04,-0.45,-0.0088,2023-05-25
3852,sz002966,7.06,7.06,6.97,7.04,16364013.0,7.06,-0.02,-0.0028,2023-05-25
3853,sz002967,20.5,20.89,20.38,20.71,2422160.0,20.61,0.1,0.0049,2023-05-25
3854,sz002968,17.59,17.7,17.18,17.45,1043125.0,17.57,-0.12,-0.0068,2023-05-25
3855,sz002969,4.03,4.04,3.94,4.0,5944000.0,4.04,-0.04,-0.0099,2023-05-25
3856,sz002970,27.85,27.85,26.61,27.18,2393900.0,27.4,-0.22,-0.008,2023-05-25
3857,sz002971,25.89,26.18,24.87,25.29,3523086.0,25.84,-0.55,-0.0213,2023-05-25
3858,sz002972,12.85,12.92,12.58,12.74,2763220.0,12.91,-0.17,-0.0132,2023-05-25
3859,sz002973,12.07,12.18,11.97,12.11,1563125.0,12.07,0.04,0.0033,2023-05-25
3860,sz002975,39.0,40.29,38.0,38.6,2326269.0,37.99,0.61,0.0161,2023-05-25
3861,sz002976,26.19,26.47,26.0,26.4,1046380.0,26.27,0.13,0.0049,2023-05-25
3862,sz002977,37.4,38.28,37.4,37.77,738480.0,37.37,0.4,0.0107,2023-05-25
3863,sz002978,33.01,33.5,32.75,33.02,1044086.0,33.31,-0.29,-0.0087,2023-05-25
3864,sz002979,21.4,21.9,21.06,21.41,4097990.0,21.48,-0.07,-0.0033,2023-05-25
3865,sz002980,32.07,32.46,31.77,32.21,697900.0,32.23,-0.02,-0.0006,2023-05-25
3866,sz002981,26.03,26.2,25.15,25.4,1006310.0,26.03,-0.63,-0.0242,2023-05-25
3867,sz002982,35.97,36.0,35.28,35.62,525700.0,35.9,-0.28,-0.0078,2023-05-25
3868,sz002983,30.1,30.46,27.89,29.02,20782754.0,28.6,0.42,0.0147,2023-05-25
3869,sz002984,28.84,29.12,28.43,28.85,2855065.0,29.03,-0.18,-0.0062,2023-05-25
3870,sz002985,43.06,43.75,42.92,43.5,1763505.0,43.18,0.32,0.0074,2023-05-25
3871,sz002986,26.62,26.62,25.78,25.97,740120.0,26.54,-0.57,-0.0215,2023-05-25
3872,sz002987,21.64,21.93,20.57,20.96,11416230.0,21.73,-0.77,-0.0354,2023-05-25
3873,sz002988,16.3,16.4,15.94,16.02,1251771.0,16.28,-0.26,-0.016,2023-05-25
3874,sz002989,15.35,15.48,15.23,15.45,730600.0,15.39,0.06,0.0039,2023-05-25
3875,sz002990,34.77,35.45,33.64,34.34,1995208.0,35.03,-0.69,-0.0197,2023-05-25
3876,sz002991,90.55,91.0,87.03,87.62,369200.0,90.55,-2.93,-0.0324,2023-05-25
3877,sz002992,59.7,62.66,59.15,60.65,12423896.0,59.1,1.55,0.0262,2023-05-25
3878,sz002993,29.24,29.54,28.69,29.15,2625680.0,29.24,-0.09,-0.0031,2023-05-25
3879,sz002995,28.98,29.49,27.77,28.46,9016192.0,28.93,-0.47,-0.0162,2023-05-25
3880,sz002996,12.18,12.18,11.98,12.12,1170100.0,12.17,-0.05,-0.0041,2023-05-25
3881,sz002997,26.5,26.95,26.05,26.42,3223354.0,26.49,-0.07,-0.0026,2023-05-25
3882,sz002998,7.14,7.14,6.91,7.0,2998400.0,6.97,0.03,0.0043,2023-05-25
3883,sz002999,8.07,8.07,7.8,7.89,15910884.0,8.1,-0.21,-0.0259,2023-05-25
3884,sz003000,14.08,14.09,13.21,13.42,6018130.0,14.06,-0.64,-0.0455,2023-05-25
3885,sz003001,15.88,16.5,15.82,16.4,3305801.0,15.8,0.6,0.038,2023-05-25
3886,sz003002,18.01,18.12,17.64,17.87,1419000.0,18.13,-0.26,-0.0143,2023-05-25
3887,sz003003,10.28,10.31,10.03,10.22,1733500.0,10.31,-0.09,-0.0087,2023-05-25
3888,sz003004,27.57,29.68,27.57,28.27,2389100.0,28.55,-0.28,-0.0098,2023-05-25
3889,sz003005,30.53,30.89,29.76,30.22,2742780.0,30.68,-0.46,-0.015,2023-05-25
3890,sz003006,17.45,17.69,17.07,17.33,1658100.0,17.61,-0.28,-0.0159,2023-05-25
3891,sz003007,24.45,24.79,23.96,24.31,1574400.0,24.5,-0.19,-0.0078,2023-05-25
3892,sz003008,27.84,28.33,27.5,28.1,629100.0,27.69,0.41,0.0148,2023-05-25
3893,sz003009,51.22,52.18,50.78,51.9,3632092.0,51.59,0.31,0.006,2023-05-25
3894,sz003010,23.6,26.3,23.03,25.48,31418308.0,24.29,1.19,0.049,2023-05-25
3895,sz003011,29.0,29.29,27.7,28.1,5958172.0,29.99,-1.89,-0.063,2023-05-25
3896,sz003012,7.79,7.83,7.66,7.73,3306788.0,7.79,-0.06,-0.0077,2023-05-25
3897,sz003013,18.45,18.45,17.97,18.23,1027900.0,18.42,-0.19,-0.0103,2023-05-25
3898,sz003015,8.88,8.92,8.74,8.83,2064500.0,8.88,-0.05,-0.0056,2023-05-25
3899,sz003016,10.25,10.38,10.11,10.21,2865109.0,10.23,-0.02,-0.002,2023-05-25
3900,sz003017,33.23,33.52,32.7,33.05,579100.0,33.15,-0.1,-0.003,2023-05-25
3901,sz003018,9.55,9.63,9.4,9.6,1057700.0,9.6,0.0,0.0,2023-05-25
3902,sz003019,22.28,22.42,21.96,22.4,1858660.0,22.28,0.12,0.0054,2023-05-25
3903,sz003020,37.7,38.28,36.72,37.81,819679.0,37.89,-0.08,-0.0021,2023-05-25
3904,sz003021,84.91,87.5,83.0,85.3,5825923.0,84.95,0.35,0.0041,2023-05-25
3905,sz003022,26.63,28.1,26.31,27.41,24108548.0,26.8,0.61,0.0228,2023-05-25
3906,sz003023,20.23,20.35,20.0,20.29,1407044.0,20.2,0.09,0.0045,2023-05-25
3907,sz003025,21.74,22.05,21.64,22.02,904028.0,21.78,0.24,0.011,2023-05-25
3908,sz003026,40.93,41.68,40.12,40.85,1088629.0,40.83,0.02,0.0005,2023-05-25
3909,sz003027,22.3,22.56,22.2,22.48,1305100.0,22.44,0.04,0.0018,2023-05-25
3910,sz003028,41.42,42.88,41.32,42.27,1202720.0,41.6,0.67,0.0161,2023-05-25
3911,sz003029,29.12,30.27,28.24,28.4,3720604.0,28.85,-0.45,-0.0156,2023-05-25
3912,sz003030,24.5,24.69,24.12,24.47,548129.0,24.6,-0.13,-0.0053,2023-05-25
3913,sz003031,112.0,117.48,104.06,106.7,2891802.0,110.4,-3.7,-0.0335,2023-05-25
3914,sz003032,13.89,14.05,13.42,13.64,9462572.0,13.91,-0.27,-0.0194,2023-05-25
3915,sz003033,31.81,32.55,31.68,32.19,806200.0,31.81,0.38,0.0119,2023-05-25
3916,sz003035,6.2,6.38,6.13,6.25,36164778.0,6.23,0.02,0.0032,2023-05-25
3917,sz003036,13.05,13.2,13.01,13.19,1049300.0,13.06,0.13,0.01,2023-05-25
3918,sz003037,11.89,12.0,11.72,11.87,1677060.0,11.99,-0.12,-0.01,2023-05-25
3919,sz003038,34.26,34.82,33.95,34.38,1154640.0,34.25,0.13,0.0038,2023-05-25
3920,sz003039,16.78,18.0,16.66,17.57,7098022.0,16.77,0.8,0.0477,2023-05-25
3921,sz003040,18.9,19.05,18.44,18.52,4732178.0,18.9,-0.38,-0.0201,2023-05-25
3922,sz003041,19.09,19.14,18.75,19.1,701207.0,19.0,0.1,0.0053,2023-05-25
3923,sz003042,23.0,23.17,22.51,22.73,10385231.0,23.6,-0.87,-0.0369,2023-05-25
3924,sz003043,55.21,55.92,54.31,55.03,1098200.0,55.57,-0.54,-0.0097,2023-05-25
3925,sz003816,3.03,3.1,3.02,3.07,98137314.0,3.04,0.03,0.0099,2023-05-25
3926,sz300001,21.51,22.67,21.41,21.87,40949553.0,21.62,0.25,0.0116,2023-05-25
3927,sz300002,11.3,11.69,10.33,10.87,165218416.0,11.42,-0.55,-0.0482,2023-05-25
3928,sz300003,24.18,24.41,23.9,24.12,8548785.0,24.15,-0.03,-0.0012,2023-05-25
3929,sz300004,5.56,5.62,5.52,5.61,3001849.0,5.56,0.05,0.009,2023-05-25
3930,sz300005,8.11,8.34,8.1,8.22,10081736.0,8.15,0.07,0.0086,2023-05-25
3931,sz300006,3.71,3.71,3.61,3.66,7962900.0,3.71,-0.05,-0.0135,2023-05-25
3932,sz300007,16.1,16.87,16.08,16.27,9470814.0,16.64,-0.37,-0.0222,2023-05-25
3933,sz300008,4.35,4.45,4.32,4.44,50059827.0,4.38,0.06,0.0137,2023-05-25
3934,sz300009,10.03,10.08,9.87,9.98,8475543.0,10.07,-0.09,-0.0089,2023-05-25
3935,sz300010,2.32,2.37,2.17,2.21,34998938.0,2.31,-0.1,-0.0433,2023-05-25
3936,sz300011,6.68,6.8,6.6,6.75,7916100.0,6.69,0.06,0.009,2023-05-25
3937,sz300012,18.78,18.97,18.61,18.88,6016046.0,18.88,0.0,0.0,2023-05-25
3938,sz300013,4.34,4.36,4.16,4.23,29426352.0,4.4,-0.17,-0.0386,2023-05-25
3939,sz300014,66.9,68.88,66.8,67.8,17172438.0,67.37,0.43,0.0064,2023-05-25
3940,sz300015,28.83,28.83,28.1,28.27,23632232.0,28.82,-0.55,-0.0191,2023-05-25
3941,sz300016,6.68,6.75,6.52,6.59,4430450.0,6.66,-0.07,-0.0105,2023-05-25
3942,sz300017,7.38,7.56,7.01,7.13,108204861.0,7.31,-0.18,-0.0246,2023-05-25
3943,sz300018,6.54,6.67,6.52,6.65,8890066.0,6.52,0.13,0.0199,2023-05-25
3944,sz300019,16.6,16.7,16.46,16.69,1870792.0,16.6,0.09,0.0054,2023-05-25
3945,sz300020,9.6,10.17,9.48,9.92,57440711.0,9.6,0.32,0.0333,2023-05-25
3946,sz300021,5.19,5.19,5.03,5.13,13610620.0,5.18,-0.05,-0.0097,2023-05-25
3947,sz300022,4.78,4.8,4.7,4.8,5411900.0,4.78,0.02,0.0042,2023-05-25
3948,sz300024,14.88,16.18,14.8,15.3,176740938.0,15.04,0.26,0.0173,2023-05-25
3949,sz300025,9.69,9.93,9.4,9.69,14697889.0,9.69,0.0,0.0,2023-05-25
3950,sz300026,6.05,6.17,5.95,6.04,33719960.0,6.08,-0.04,-0.0066,2023-05-25
3951,sz300027,2.87,2.92,2.8,2.84,98887066.0,2.93,-0.09,-0.0307,2023-05-25
3952,sz300029,6.43,6.62,6.34,6.49,2182100.0,6.46,0.03,0.0046,2023-05-25
3953,sz300030,7.18,7.2,7.01,7.09,2626800.0,7.2,-0.11,-0.0153,2023-05-25
3954,sz300031,24.98,25.96,23.45,24.25,37407154.0,25.2,-0.95,-0.0377,2023-05-25
3955,sz300032,6.05,6.26,5.98,6.2,24097095.0,6.05,0.15,0.0248,2023-05-25
3956,sz300033,157.63,159.0,151.2,154.51,8189470.0,155.0,-0.49,-0.0032,2023-05-25
3957,sz300034,39.29,39.69,38.9,39.19,2241441.0,39.29,-0.1,-0.0025,2023-05-25
3958,sz300035,12.73,12.93,12.7,12.83,8077751.0,12.76,0.07,0.0055,2023-05-25
3959,sz300036,19.27,19.7,18.87,19.12,5971196.0,19.34,-0.22,-0.0114,2023-05-25
3960,sz300037,48.01,48.9,47.83,48.8,2510766.0,48.57,0.23,0.0047,2023-05-25
3961,sz300039,7.95,8.05,7.71,7.84,53429967.0,7.94,-0.1,-0.0126,2023-05-25
3962,sz300040,6.29,6.62,6.26,6.54,28202782.0,6.34,0.2,0.0315,2023-05-25
3963,sz300041,11.87,12.15,11.85,12.1,10725861.0,11.86,0.24,0.0202,2023-05-25
3964,sz300042,35.29,37.8,33.37,34.93,28669832.0,36.0,-1.07,-0.0297,2023-05-25
3965,sz300043,3.67,3.75,3.52,3.61,54387650.0,3.7,-0.09,-0.0243,2023-05-25
3966,sz300044,4.91,5.46,4.74,5.32,241801758.0,4.97,0.35,0.0704,2023-05-25
3967,sz300045,9.89,9.97,9.45,9.69,28036007.0,9.93,-0.24,-0.0242,2023-05-25
3968,sz300046,17.8,18.15,17.53,18.15,8201809.0,17.85,0.3,0.0168,2023-05-25
3969,sz300047,7.59,7.81,7.33,7.53,29913904.0,7.64,-0.11,-0.0144,2023-05-25
3970,sz300048,5.68,5.86,5.66,5.71,9186600.0,5.71,0.0,0.0,2023-05-25
3971,sz300049,29.45,29.7,28.78,29.19,2581427.0,29.67,-0.48,-0.0162,2023-05-25
3972,sz300050,4.19,4.24,4.05,4.14,11108700.0,4.11,0.03,0.0073,2023-05-25
3973,sz300051,10.66,10.84,10.42,10.52,7061300.0,10.72,-0.2,-0.0187,2023-05-25
3974,sz300052,19.29,19.66,18.58,18.77,20240934.0,18.98,-0.21,-0.0111,2023-05-25
3975,sz300053,12.8,13.28,12.53,13.11,42000068.0,12.7,0.41,0.0323,2023-05-25
3976,sz300054,27.36,27.8,26.79,27.15,6216735.0,27.34,-0.19,-0.0069,2023-05-25
3977,sz300055,7.98,8.06,7.88,7.99,3246114.0,7.95,0.04,0.005,2023-05-25
3978,sz300056,7.2,7.33,7.0,7.3,7690848.0,7.19,0.11,0.0153,2023-05-25
3979,sz300057,7.14,7.24,7.01,7.08,6919386.0,7.14,-0.06,-0.0084,2023-05-25
3980,sz300058,10.19,10.37,9.71,10.06,263821539.0,10.2,-0.14,-0.0137,2023-05-25
3981,sz300059,15.26,15.41,14.9,15.1,256867814.0,15.33,-0.23,-0.015,2023-05-25
3982,sz300061,6.42,6.47,6.22,6.3,13706769.0,6.43,-0.13,-0.0202,2023-05-25
3983,sz300062,6.77,7.09,6.75,7.0,45242720.0,6.77,0.23,0.034,2023-05-25
3984,sz300063,4.58,4.67,4.32,4.41,47939005.0,4.65,-0.24,-0.0516,2023-05-25
3985,sz300065,12.45,12.75,12.37,12.59,14223414.0,12.47,0.12,0.0096,2023-05-25
3986,sz300066,5.23,5.3,5.19,5.28,9196934.0,5.2,0.08,0.0154,2023-05-25
3987,sz300067,2.97,2.97,2.91,2.95,5528317.0,2.96,-0.01,-0.0034,2023-05-25
3988,sz300068,21.02,22.4,21.02,21.88,29898602.0,21.1,0.78,0.037,2023-05-25
3989,sz300069,14.05,14.18,13.87,14.16,902300.0,13.97,0.19,0.0136,2023-05-25
3990,sz300070,5.42,5.47,5.35,5.44,20656528.0,5.39,0.05,0.0093,2023-05-25
3991,sz300071,4.03,4.09,3.96,4.03,22515936.0,4.05,-0.02,-0.0049,2023-05-25
3992,sz300072,3.74,3.77,3.66,3.71,12174555.0,3.75,-0.04,-0.0107,2023-05-25
3993,sz300073,52.2,52.86,51.7,51.91,4679533.0,52.38,-0.47,-0.009,2023-05-25
3994,sz300074,4.09,4.15,4.0,4.08,9250375.0,4.11,-0.03,-0.0073,2023-05-25
3995,sz300075,26.75,27.53,24.78,25.63,44291740.0,26.79,-1.16,-0.0433,2023-05-25
3996,sz300076,5.13,5.18,5.07,5.14,7600400.0,5.1,0.04,0.0078,2023-05-25
3997,sz300077,14.38,14.6,14.12,14.39,9876825.0,14.41,-0.02,-0.0014,2023-05-25
3998,sz300078,4.62,4.7,4.53,4.61,9824487.0,4.66,-0.05,-0.0107,2023-05-25
3999,sz300079,6.09,6.18,5.93,6.02,31595315.0,6.1,-0.08,-0.0131,2023-05-25
4000,sz300080,5.28,5.46,5.27,5.39,22007609.0,5.31,0.08,0.0151,2023-05-25
4001,sz300081,7.05,7.21,6.84,6.94,21986700.0,7.12,-0.18,-0.0253,2023-05-25
4002,sz300082,7.93,8.0,7.83,7.92,2874525.0,7.99,-0.07,-0.0088,2023-05-25
4003,sz300083,6.85,7.34,6.82,7.13,71986721.0,6.78,0.35,0.0516,2023-05-25
4004,sz300084,6.18,6.26,6.16,6.24,4539400.0,6.15,0.09,0.0146,2023-05-25
4005,sz300085,11.6,11.84,11.25,11.46,16627183.0,11.64,-0.18,-0.0155,2023-05-25
4006,sz300086,6.28,6.29,6.13,6.22,10765200.0,6.28,-0.06,-0.0096,2023-05-25
4007,sz300087,10.5,10.59,10.24,10.35,8282150.0,10.56,-0.21,-0.0199,2023-05-25
4008,sz300088,6.16,6.23,6.06,6.18,20009500.0,6.16,0.02,0.0032,2023-05-25
4009,sz300089,0.0,0.0,0.0,0.0,0.0,0.8,-0.8,-1.0,2023-05-25
4010,sz300091,3.05,3.16,3.04,3.09,17007135.0,3.06,0.03,0.0098,2023-05-25
4011,sz300092,16.34,16.48,15.93,16.26,3489268.0,16.43,-0.17,-0.0103,2023-05-25
4012,sz300093,31.0,33.38,30.45,32.4,8861882.0,31.4,1.0,0.0318,2023-05-25
4013,sz300094,4.72,4.72,4.54,4.6,18273211.0,4.72,-0.12,-0.0254,2023-05-25
4014,sz300095,9.18,9.38,9.18,9.31,2966100.0,9.24,0.07,0.0076,2023-05-25
4015,sz300096,6.24,6.56,6.14,6.24,11230000.0,6.27,-0.03,-0.0048,2023-05-25
4016,sz300097,6.35,6.49,6.3,6.47,7846427.0,6.38,0.09,0.0141,2023-05-25
4017,sz300098,3.47,3.54,3.41,3.46,20440138.0,3.49,-0.03,-0.0086,2023-05-25
4018,sz300099,6.25,6.35,6.13,6.26,10065096.0,6.33,-0.07,-0.0111,2023-05-25
4019,sz300100,7.42,7.47,7.34,7.47,3126673.0,7.46,0.01,0.0013,2023-05-25
4020,sz300101,22.59,23.07,22.17,22.53,9478637.0,22.55,-0.02,-0.0009,2023-05-25
4021,sz300102,6.45,6.49,6.3,6.41,5466500.0,6.42,-0.01,-0.0016,2023-05-25
4022,sz300103,6.47,6.52,6.39,6.5,1567500.0,6.47,0.03,0.0046,2023-05-25
4023,sz300105,6.97,7.13,6.94,7.07,8433700.0,6.98,0.09,0.0129,2023-05-25
4024,sz300106,8.15,8.16,8.02,8.13,2609100.0,8.18,-0.05,-0.0061,2023-05-25
4025,sz300107,4.96,5.01,4.93,4.98,3088759.0,4.99,-0.01,-0.002,2023-05-25
4026,sz300108,1.99,2.0,1.95,1.99,14759850.0,2.04,-0.05,-0.0245,2023-05-25
4027,sz300109,26.93,27.15,26.18,26.61,9393488.0,26.89,-0.28,-0.0104,2023-05-25
4028,sz300110,4.18,4.18,4.08,4.13,13657970.0,4.18,-0.05,-0.012,2023-05-25
4029,sz300111,3.13,3.25,3.11,3.21,17835880.0,3.15,0.06,0.019,2023-05-25
4030,sz300112,10.15,10.32,10.01,10.2,9337100.0,10.16,0.04,0.0039,2023-05-25
4031,sz300113,14.57,15.13,13.8,14.16,25035481.0,14.35,-0.19,-0.0132,2023-05-25
4032,sz300114,47.65,48.5,47.5,48.0,8999206.0,48.12,-0.12,-0.0025,2023-05-25
4033,sz300115,12.85,13.13,12.45,12.7,33538937.0,12.98,-0.28,-0.0216,2023-05-25
4034,sz300116,1.54,1.54,1.44,1.47,100327058.0,1.53,-0.06,-0.0392,2023-05-25
4035,sz300117,3.19,3.33,3.18,3.29,22312852.0,3.21,0.08,0.0249,2023-05-25
4036,sz300118,24.4,26.59,24.21,26.18,70915741.0,24.6,1.58,0.0642,2023-05-25
4037,sz300119,19.55,19.6,19.2,19.4,1885064.0,19.44,-0.04,-0.0021,2023-05-25
4038,sz300120,7.46,7.6,7.37,7.5,10045049.0,7.51,-0.01,-0.0013,2023-05-25
4039,sz300121,9.6,9.61,9.36,9.49,3493200.0,9.6,-0.11,-0.0115,2023-05-25
4040,sz300122,73.11,73.48,72.1,72.78,4055258.0,73.22,-0.44,-0.006,2023-05-25
4041,sz300123,6.71,6.92,6.7,6.8,17050100.0,6.71,0.09,0.0134,2023-05-25
4042,sz300124,60.12,60.48,59.56,59.97,9778424.0,60.2,-0.23,-0.0038,2023-05-25
4043,sz300125,17.42,18.79,17.1,18.15,24802325.0,17.65,0.5,0.0283,2023-05-25
4044,sz300126,6.26,6.31,6.16,6.29,2992600.0,6.23,0.06,0.0096,2023-05-25
4045,sz300127,17.13,17.4,17.02,17.33,2529537.0,17.23,0.1,0.0058,2023-05-25
4046,sz300128,4.3,4.42,4.17,4.24,40455895.0,4.25,-0.01,-0.0024,2023-05-25
4047,sz300129,10.52,11.44,10.49,11.11,35970515.0,10.68,0.43,0.0403,2023-05-25
4048,sz300130,19.83,21.4,19.11,19.59,48599698.0,19.59,0.0,0.0,2023-05-25
4049,sz300131,5.25,5.29,5.12,5.2,17892086.0,5.23,-0.03,-0.0057,2023-05-25
4050,sz300132,5.88,5.9,5.76,5.87,6387066.0,5.86,0.01,0.0017,2023-05-25
4051,sz300133,6.95,7.09,6.67,6.85,54591167.0,6.96,-0.11,-0.0158,2023-05-25
4052,sz300134,9.2,9.38,9.01,9.16,7786951.0,9.13,0.03,0.0033,2023-05-25
4053,sz300135,2.57,2.59,2.54,2.58,8091300.0,2.56,0.02,0.0078,2023-05-25
4054,sz300136,19.18,19.55,18.68,19.02,11018684.0,19.12,-0.1,-0.0052,2023-05-25
4055,sz300137,5.88,5.96,5.8,5.93,4104220.0,5.88,0.05,0.0085,2023-05-25
4056,sz300138,18.52,18.52,18.12,18.36,3592883.0,18.3,0.06,0.0033,2023-05-25
4057,sz300139,9.26,9.41,9.05,9.21,10464300.0,9.39,-0.18,-0.0192,2023-05-25
4058,sz300140,8.46,8.65,8.38,8.65,15691250.0,8.52,0.13,0.0153,2023-05-25
4059,sz300141,9.36,9.65,9.3,9.51,3696300.0,9.39,0.12,0.0128,2023-05-25
4060,sz300142,29.7,29.83,29.31,29.45,9747704.0,29.83,-0.38,-0.0127,2023-05-25
4061,sz300143,11.86,12.09,11.61,11.78,4441080.0,11.86,-0.08,-0.0067,2023-05-25
4062,sz300144,12.51,12.59,12.2,12.34,25731244.0,12.52,-0.18,-0.0144,2023-05-25
4063,sz300145,2.84,2.96,2.83,2.89,25346049.0,2.83,0.06,0.0212,2023-05-25
4064,sz300146,22.49,22.65,22.1,22.43,9392188.0,22.63,-0.2,-0.0088,2023-05-25
4065,sz300147,5.56,5.57,5.38,5.44,10977500.0,5.56,-0.12,-0.0216,2023-05-25
4066,sz300148,4.66,4.8,4.46,4.55,78998872.0,4.68,-0.13,-0.0278,2023-05-25
4067,sz300149,8.24,8.24,7.99,8.04,4078743.0,8.23,-0.19,-0.0231,2023-05-25
4068,sz300150,4.36,5.21,4.35,4.76,68648635.0,4.34,0.42,0.0968,2023-05-25
4069,sz300151,17.86,18.12,17.64,17.94,3698889.0,17.92,0.02,0.0011,2023-05-25
4070,sz300152,2.98,3.03,2.97,3.02,7556000.0,2.98,0.04,0.0134,2023-05-25
4071,sz300153,8.34,8.7,8.34,8.62,13703202.0,8.42,0.2,0.0238,2023-05-25
4072,sz300154,7.41,7.52,7.31,7.46,8317336.0,7.4,0.06,0.0081,2023-05-25
4073,sz300155,4.94,4.95,4.86,4.93,3131438.0,4.91,0.02,0.0041,2023-05-25
4074,sz300157,3.29,3.34,3.28,3.33,7891400.0,3.3,0.03,0.0091,2023-05-25
4075,sz300158,5.73,5.75,5.58,5.65,20079200.0,5.77,-0.12,-0.0208,2023-05-25
4076,sz300159,2.79,2.85,2.77,2.81,12873304.0,2.79,0.02,0.0072,2023-05-25
4077,sz300160,6.73,6.98,6.73,6.88,9668303.0,6.77,0.11,0.0162,2023-05-25
4078,sz300161,39.99,41.0,38.72,40.9,7479974.0,39.89,1.01,0.0253,2023-05-25
4079,sz300162,6.98,7.04,6.8,6.95,4628600.0,6.94,0.01,0.0014,2023-05-25
4080,sz300163,3.22,3.25,3.16,3.24,6346190.0,3.22,0.02,0.0062,2023-05-25
4081,sz300164,4.4,4.58,4.4,4.51,32027700.0,4.43,0.08,0.0181,2023-05-25
4082,sz300165,6.13,6.7,6.13,6.46,58250400.0,6.23,0.23,0.0369,2023-05-25
4083,sz300166,10.85,10.98,10.39,10.62,39230368.0,10.75,-0.13,-0.0121,2023-05-25
4084,sz300167,3.14,3.18,3.02,3.05,13125187.0,3.19,-0.14,-0.0439,2023-05-25
4085,sz300168,13.05,13.2,12.42,12.65,34067075.0,13.01,-0.36,-0.0277,2023-05-25
4086,sz300169,4.12,4.14,4.08,4.13,2819151.0,4.13,0.0,0.0,2023-05-25
4087,sz300170,9.69,9.82,9.4,9.64,25942641.0,9.71,-0.07,-0.0072,2023-05-25
4088,sz300171,23.39,23.44,22.97,23.26,3265878.0,23.4,-0.14,-0.006,2023-05-25
4089,sz300172,4.61,4.64,4.56,4.64,4061705.0,4.59,0.05,0.0109,2023-05-25
4090,sz300173,4.64,4.71,4.62,4.69,10052062.0,4.64,0.05,0.0108,2023-05-25
4091,sz300174,16.53,16.8,16.32,16.56,5253412.0,16.41,0.15,0.0091,2023-05-25
4092,sz300175,3.42,3.43,3.35,3.39,3931442.0,3.42,-0.03,-0.0088,2023-05-25
4093,sz300176,6.25,6.3,6.19,6.28,2466200.0,6.24,0.04,0.0064,2023-05-25
4094,sz300177,6.48,6.55,6.35,6.47,6668700.0,6.46,0.01,0.0015,2023-05-25
4095,sz300179,9.76,10.49,9.69,10.11,19030308.0,9.73,0.38,0.0391,2023-05-25
4096,sz300180,3.65,3.68,3.56,3.61,11524457.0,3.65,-0.04,-0.011,2023-05-25
4097,sz300181,12.68,12.68,12.33,12.5,9975551.0,12.6,-0.1,-0.0079,2023-05-25
4098,sz300182,5.77,5.85,5.54,5.66,117072743.0,5.78,-0.12,-0.0208,2023-05-25
4099,sz300183,16.82,17.2,16.34,16.62,4898400.0,16.7,-0.08,-0.0048,2023-05-25
4100,sz300184,5.06,5.13,4.89,4.98,29668920.0,4.95,0.03,0.0061,2023-05-25
4101,sz300185,2.63,2.66,2.6,2.65,40656610.0,2.63,0.02,0.0076,2023-05-25
4102,sz300187,5.96,5.96,5.82,5.9,4045800.0,5.95,-0.05,-0.0084,2023-05-25
4103,sz300188,23.6,24.98,23.37,23.99,69375113.0,23.98,0.01,0.0004,2023-05-25
4104,sz300189,3.31,3.32,3.23,3.25,10270300.0,3.3,-0.05,-0.0152,2023-05-25
4105,sz300190,4.14,4.17,4.11,4.17,2168380.0,4.15,0.02,0.0048,2023-05-25
4106,sz300191,17.7,18.06,17.62,18.03,2171121.0,17.78,0.25,0.0141,2023-05-25
4107,sz300192,12.56,13.22,12.19,12.73,22313742.0,12.47,0.26,0.0209,2023-05-25
4108,sz300193,7.52,7.64,7.46,7.6,4883600.0,7.53,0.07,0.0093,2023-05-25
4109,sz300194,4.13,4.17,4.03,4.11,20842179.0,4.17,-0.06,-0.0144,2023-05-25
4110,sz300195,5.98,6.12,5.94,6.08,5335600.0,5.99,0.09,0.015,2023-05-25
4111,sz300196,13.77,13.82,13.64,13.77,1111362.0,13.82,-0.05,-0.0036,2023-05-25
4112,sz300197,2.49,2.53,2.47,2.51,16924523.0,2.51,0.0,0.0,2023-05-25
4113,sz300198,2.69,2.77,2.64,2.77,21894200.0,2.71,0.06,0.0221,2023-05-25
4114,sz300199,12.38,13.44,12.38,12.76,101385701.0,12.53,0.23,0.0184,2023-05-25
4115,sz300200,8.55,8.62,8.42,8.53,5826290.0,8.63,-0.1,-0.0116,2023-05-25
4116,sz300201,3.64,3.64,3.52,3.55,14507037.0,3.64,-0.09,-0.0247,2023-05-25
4117,sz300203,22.21,22.8,21.96,22.62,5819332.0,22.35,0.27,0.0121,2023-05-25
4118,sz300204,11.07,11.18,10.78,10.9,10456023.0,11.12,-0.22,-0.0198,2023-05-25
4119,sz300205,14.4,14.84,14.05,14.47,17655379.0,14.76,-0.29,-0.0196,2023-05-25
4120,sz300206,15.05,15.23,14.8,15.06,3570000.0,15.06,0.0,0.0,2023-05-25
4121,sz300207,16.33,16.52,16.18,16.28,14676700.0,16.33,-0.05,-0.0031,2023-05-25
4122,sz300208,8.81,8.93,8.73,8.83,3307050.0,8.84,-0.01,-0.0011,2023-05-25
4123,sz300209,3.17,3.23,3.1,3.13,8677000.0,3.23,-0.1,-0.031,2023-05-25
4124,sz300210,3.06,3.08,3.01,3.07,4779200.0,3.05,0.02,0.0066,2023-05-25
4125,sz300211,9.2,9.32,8.92,9.19,4373400.0,9.2,-0.01,-0.0011,2023-05-25
4126,sz300212,31.67,32.4,30.52,31.5,29563043.0,31.01,0.49,0.0158,2023-05-25
4127,sz300213,6.28,6.46,6.11,6.25,25830394.0,6.24,0.01,0.0016,2023-05-25
4128,sz300214,6.35,6.36,6.25,6.3,2049700.0,6.38,-0.08,-0.0125,2023-05-25
4129,sz300215,5.22,5.32,5.19,5.27,6320286.0,5.21,0.06,0.0115,2023-05-25
4130,sz300217,5.59,5.72,5.56,5.67,20351137.0,5.59,0.08,0.0143,2023-05-25
4131,sz300218,9.47,9.53,9.35,9.49,2057801.0,9.47,0.02,0.0021,2023-05-25
4132,sz300219,7.29,7.39,7.2,7.3,7479393.0,7.29,0.01,0.0014,2023-05-25
4133,sz300220,7.31,7.34,7.06,7.15,3526604.0,7.35,-0.2,-0.0272,2023-05-25
4134,sz300221,5.25,5.39,5.25,5.29,8323400.0,5.28,0.01,0.0019,2023-05-25
4135,sz300222,8.88,8.93,8.47,8.66,56626202.0,8.87,-0.21,-0.0237,2023-05-25
4136,sz300223,89.71,91.71,86.68,90.93,14632234.0,88.71,2.22,0.025,2023-05-25
4137,sz300224,12.12,12.2,11.98,12.09,4787959.0,12.11,-0.02,-0.0017,2023-05-25
4138,sz300225,6.92,6.92,6.62,6.73,11951900.0,6.83,-0.1,-0.0146,2023-05-25
4139,sz300226,32.01,32.71,31.0,31.71,7532393.0,32.32,-0.61,-0.0189,2023-05-25
4140,sz300227,7.56,7.57,7.38,7.48,5965518.0,7.52,-0.04,-0.0053,2023-05-25
4141,sz300228,5.9,6.06,5.9,6.0,13114700.0,5.9,0.1,0.0169,2023-05-25
4142,sz300229,28.63,28.92,26.85,28.15,107568907.0,28.73,-0.58,-0.0202,2023-05-25
4143,sz300230,3.66,3.66,3.6,3.64,4750148.0,3.66,-0.02,-0.0055,2023-05-25
4144,sz300231,8.42,8.53,8.16,8.34,9809333.0,8.39,-0.05,-0.006,2023-05-25
4145,sz300232,9.23,9.35,8.7,8.82,39957091.0,9.22,-0.4,-0.0434,2023-05-25
4146,sz300233,20.21,20.21,19.4,19.68,4676654.0,20.19,-0.51,-0.0253,2023-05-25
4147,sz300234,5.41,5.46,5.37,5.42,2554694.0,5.42,0.0,0.0,2023-05-25
4148,sz300235,12.22,12.55,11.5,11.83,30247263.0,12.27,-0.44,-0.0359,2023-05-25
4149,sz300236,41.9,42.32,40.67,41.21,9909694.0,42.24,-1.03,-0.0244,2023-05-25
4150,sz300237,1.98,1.98,1.93,1.95,11216010.0,1.97,-0.02,-0.0102,2023-05-25
4151,sz300238,13.29,13.58,12.96,13.29,10108300.0,13.41,-0.12,-0.0089,2023-05-25
4152,sz300239,6.55,6.58,6.41,6.48,4582313.0,6.55,-0.07,-0.0107,2023-05-25
4153,sz300240,6.69,6.75,6.37,6.51,20103617.0,6.68,-0.17,-0.0254,2023-05-25
4154,sz300241,5.04,5.06,4.93,5.03,7275700.0,5.02,0.01,0.002,2023-05-25
4155,sz300242,3.36,3.38,3.25,3.31,13066400.0,3.34,-0.03,-0.009,2023-05-25
4156,sz300243,8.73,8.84,8.69,8.73,1706930.0,8.73,0.0,0.0,2023-05-25
4157,sz300244,26.89,27.05,26.6,26.83,2453382.0,26.89,-0.06,-0.0022,2023-05-25
4158,sz300245,8.88,9.08,8.72,8.89,6055100.0,8.93,-0.04,-0.0045,2023-05-25
4159,sz300246,11.6,11.63,11.07,11.24,5584765.0,11.37,-0.13,-0.0114,2023-05-25
4160,sz300247,3.59,3.6,3.51,3.55,11339700.0,3.61,-0.06,-0.0166,2023-05-25
4161,sz300248,9.42,9.51,9.12,9.24,12600902.0,9.38,-0.14,-0.0149,2023-05-25
4162,sz300249,9.16,9.42,9.07,9.26,16804101.0,9.18,0.08,0.0087,2023-05-25
4163,sz300250,15.48,15.85,14.77,15.09,14038700.0,15.63,-0.54,-0.0345,2023-05-25
4164,sz300251,8.33,8.41,8.04,8.17,56654057.0,8.34,-0.17,-0.0204,2023-05-25
4165,sz300252,9.75,10.08,9.75,9.95,18955830.0,9.78,0.17,0.0174,2023-05-25
4166,sz300253,9.49,9.56,9.15,9.31,34010324.0,9.44,-0.13,-0.0138,2023-05-25
4167,sz300254,6.47,6.47,6.29,6.41,7053055.0,6.48,-0.07,-0.0108,2023-05-25
4168,sz300255,5.25,5.29,5.11,5.14,8796837.0,5.29,-0.15,-0.0284,2023-05-25
4169,sz300256,3.02,3.08,3.02,3.06,17440029.0,3.04,0.02,0.0066,2023-05-25
4170,sz300257,15.4,15.42,14.92,15.15,3959298.0,15.42,-0.27,-0.0175,2023-05-25
4171,sz300258,9.85,9.86,9.73,9.83,3860121.0,9.79,0.04,0.0041,2023-05-25
4172,sz300259,3.83,3.93,3.82,3.92,15077729.0,3.87,0.05,0.0129,2023-05-25
4173,sz300260,64.14,64.81,63.13,64.32,2274977.0,63.98,0.34,0.0053,2023-05-25
4174,sz300261,10.17,10.26,9.97,10.05,14833102.0,10.19,-0.14,-0.0137,2023-05-25
4175,sz300262,2.68,2.73,2.67,2.72,5363363.0,2.68,0.04,0.0149,2023-05-25
4176,sz300263,8.21,8.41,8.18,8.41,27920102.0,8.22,0.19,0.0231,2023-05-25
4177,sz300264,5.92,6.05,5.78,5.87,11055800.0,5.93,-0.06,-0.0101,2023-05-25
4178,sz300265,9.77,10.05,9.77,9.99,6142025.0,9.82,0.17,0.0173,2023-05-25
4179,sz300266,3.1,3.12,3.0,3.04,36351448.0,3.1,-0.06,-0.0194,2023-05-25
4180,sz300267,3.34,3.35,3.23,3.26,19012600.0,3.33,-0.07,-0.021,2023-05-25
4181,sz300268,18.65,18.85,17.6,17.99,1992900.0,18.56,-0.57,-0.0307,2023-05-25
4182,sz300269,3.65,3.7,3.56,3.64,10276800.0,3.67,-0.03,-0.0082,2023-05-25
4183,sz300270,8.33,8.33,7.86,7.97,38835502.0,8.58,-0.61,-0.0711,2023-05-25
4184,sz300271,9.08,9.23,8.74,8.91,12667480.0,9.13,-0.22,-0.0241,2023-05-25
4185,sz300272,5.28,5.28,5.16,5.23,3807420.0,5.27,-0.04,-0.0076,2023-05-25
4186,sz300273,0.0,0.0,0.0,0.0,0.0,1.1,-1.1,-1.0,2023-05-25
4187,sz300274,115.86,123.05,115.28,120.03,33583170.0,117.3,2.73,0.0233,2023-05-25
4188,sz300275,23.43,23.43,20.75,21.28,11987736.0,23.4,-2.12,-0.0906,2023-05-25
4189,sz300276,4.1,4.38,4.04,4.29,137192013.0,4.4,-0.11,-0.025,2023-05-25
4190,sz300277,8.36,8.77,8.3,8.42,16765042.0,8.58,-0.16,-0.0186,2023-05-25
4191,sz300278,4.57,4.9,4.4,4.66,202825038.0,4.62,0.04,0.0087,2023-05-25
4192,sz300279,5.41,5.44,5.32,5.44,4283280.0,5.37,0.07,0.013,2023-05-25
4193,sz300280,37.26,38.28,35.5,36.58,10694471.0,38.4,-1.82,-0.0474,2023-05-25
4194,sz300281,5.23,5.25,5.16,5.25,3090900.0,5.23,0.02,0.0038,2023-05-25
4195,sz300282,2.45,2.47,2.36,2.37,11122700.0,2.48,-0.11,-0.0444,2023-05-25
4196,sz300283,5.69,5.75,5.65,5.75,7444882.0,5.69,0.06,0.0105,2023-05-25
4197,sz300284,5.87,5.97,5.84,5.94,13734577.0,5.85,0.09,0.0154,2023-05-25
4198,sz300285,27.69,27.8,26.9,27.52,2854342.0,27.69,-0.17,-0.0061,2023-05-25
4199,sz300286,39.81,40.07,38.36,38.95,2533741.0,39.79,-0.84,-0.0211,2023-05-25
4200,sz300287,3.74,3.78,3.6,3.66,41106974.0,3.73,-0.07,-0.0188,2023-05-25
4201,sz300288,20.92,21.18,18.85,19.55,46883878.0,20.9,-1.35,-0.0646,2023-05-25
4202,sz300289,5.81,5.81,5.7,5.75,2503800.0,5.81,-0.06,-0.0103,2023-05-25
4203,sz300290,4.68,4.74,4.52,4.63,12497650.0,4.73,-0.1,-0.0211,2023-05-25
4204,sz300291,6.04,6.14,5.88,6.0,21911858.0,6.07,-0.07,-0.0115,2023-05-25
4205,sz300292,3.76,3.88,3.66,3.81,58034036.0,3.77,0.04,0.0106,2023-05-25
4206,sz300293,11.52,11.88,11.46,11.6,13810872.0,11.65,-0.05,-0.0043,2023-05-25
4207,sz300294,37.13,37.25,36.01,36.7,2941496.0,37.15,-0.45,-0.0121,2023-05-25
4208,sz300295,14.28,14.5,12.92,13.33,33086653.0,14.67,-1.34,-0.0913,2023-05-25
4209,sz300296,6.6,6.73,6.54,6.66,22976700.0,6.59,0.07,0.0106,2023-05-25
4210,sz300297,0.0,0.0,0.0,0.0,0.0,0.48,-0.48,-1.0,2023-05-25
4211,sz300298,28.35,30.54,28.05,30.07,7154914.0,28.18,1.89,0.0671,2023-05-25
4212,sz300299,7.08,7.19,6.59,6.74,68995298.0,6.94,-0.2,-0.0288,2023-05-25
4213,sz300300,4.19,4.29,4.16,4.23,11390479.0,4.17,0.06,0.0144,2023-05-25
4214,sz300301,1.74,1.74,1.67,1.69,8742620.0,1.73,-0.04,-0.0231,2023-05-25
4215,sz300302,12.32,12.32,11.53,11.86,52496813.0,12.18,-0.32,-0.0263,2023-05-25
4216,sz300303,5.55,5.79,5.35,5.5,64898508.0,5.51,-0.01,-0.0018,2023-05-25
4217,sz300304,5.0,5.06,4.95,5.03,10860000.0,4.99,0.04,0.008,2023-05-25
4218,sz300305,11.11,11.2,11.01,11.15,2395914.0,11.05,0.1,0.009,2023-05-25
4219,sz300306,13.07,13.34,12.6,12.96,12409373.0,13.14,-0.18,-0.0137,2023-05-25
4220,sz300307,6.0,6.12,5.95,6.06,13872300.0,6.0,0.06,0.01,2023-05-25
4221,sz300308,95.88,99.89,90.0,93.18,76534059.0,87.67,5.51,0.0628,2023-05-25
4222,sz300309,0.25,0.27,0.24,0.25,53565900.0,0.25,0.0,0.0,2023-05-25
4223,sz300310,4.2,4.6,4.15,4.3,51018378.0,4.16,0.14,0.0337,2023-05-25
4224,sz300311,6.09,6.16,5.85,5.97,19165466.0,6.09,-0.12,-0.0197,2023-05-25
4225,sz300313,5.16,5.2,5.01,5.05,2531600.0,5.21,-0.16,-0.0307,2023-05-25
4226,sz300314,21.67,21.77,21.0,21.52,2038400.0,21.6,-0.08,-0.0037,2023-05-25
4227,sz300315,5.25,5.34,4.96,5.09,213788681.0,5.28,-0.19,-0.036,2023-05-25
4228,sz300316,73.01,74.18,72.3,73.0,7411259.0,73.09,-0.09,-0.0012,2023-05-25
4229,sz300317,5.55,5.87,5.5,5.73,35434415.0,5.58,0.15,0.0269,2023-05-25
4230,sz300318,5.86,5.88,5.76,5.82,4172500.0,5.84,-0.02,-0.0034,2023-05-25
4231,sz300319,8.48,8.63,8.44,8.56,9150958.0,8.51,0.05,0.0059,2023-05-25
4232,sz300320,8.47,8.58,8.33,8.39,6601500.0,8.55,-0.16,-0.0187,2023-05-25
4233,sz300321,16.6,16.6,16.16,16.4,430300.0,16.47,-0.07,-0.0043,2023-05-25
4234,sz300322,7.92,8.11,7.78,7.97,8447345.0,7.85,0.12,0.0153,2023-05-25
4235,sz300323,6.95,7.03,6.75,6.86,8217399.0,6.9,-0.04,-0.0058,2023-05-25
4236,sz300324,3.0,3.04,2.91,2.97,29074770.0,3.0,-0.03,-0.01,2023-05-25
4237,sz300326,7.0,7.04,6.89,6.95,4926121.0,7.02,-0.07,-0.01,2023-05-25
4238,sz300327,31.2,31.75,31.04,31.59,3030589.0,31.4,0.19,0.0061,2023-05-25
4239,sz300328,6.39,6.44,6.3,6.39,7943046.0,6.4,-0.01,-0.0016,2023-05-25
4240,sz300329,6.97,6.97,6.77,6.89,2390749.0,6.93,-0.04,-0.0058,2023-05-25
4241,sz300331,24.53,25.3,24.4,25.12,5810027.0,24.53,0.59,0.0241,2023-05-25
4242,sz300332,12.28,12.46,12.25,12.41,5994100.0,12.28,0.13,0.0106,2023-05-25
4243,sz300333,6.49,6.6,6.34,6.44,6021097.0,6.49,-0.05,-0.0077,2023-05-25
4244,sz300334,8.2,8.23,8.01,8.11,9272900.0,8.23,-0.12,-0.0146,2023-05-25
4245,sz300335,5.23,6.19,5.19,5.86,97912895.0,5.23,0.63,0.1205,2023-05-25
4246,sz300336,0.0,0.0,0.0,0.0,0.0,0.9,-0.9,-1.0,2023-05-25
4247,sz300337,6.7,6.77,6.6,6.68,7560827.0,6.71,-0.03,-0.0045,2023-05-25
4248,sz300338,4.64,4.73,4.63,4.73,8035300.0,4.67,0.06,0.0128,2023-05-25
4249,sz300339,22.46,22.92,21.82,22.21,25861070.0,22.47,-0.26,-0.0116,2023-05-25
4250,sz300340,13.06,14.15,12.96,13.81,23269129.0,13.23,0.58,0.0438,2023-05-25
4251,sz300341,11.8,11.99,11.55,11.94,9046900.0,11.89,0.05,0.0042,2023-05-25
4252,sz300342,10.14,10.47,10.1,10.36,10715679.0,10.19,0.17,0.0167,2023-05-25
4253,sz300343,7.25,7.32,7.14,7.24,14987744.0,7.28,-0.04,-0.0055,2023-05-25
4254,sz300344,5.15,5.28,5.08,5.18,10754963.0,5.21,-0.03,-0.0058,2023-05-25
4255,sz300345,9.55,9.87,9.54,9.74,6524270.0,9.59,0.15,0.0156,2023-05-25
4256,sz300346,36.0,36.19,35.15,35.73,23628337.0,36.08,-0.35,-0.0097,2023-05-25
4257,sz300347,87.99,88.19,85.1,86.81,5187248.0,88.0,-1.19,-0.0135,2023-05-25
4258,sz300348,10.84,10.98,10.4,10.6,13155745.0,10.84,-0.24,-0.0221,2023-05-25
4259,sz300349,13.37,13.73,13.15,13.38,6725811.0,13.56,-0.18,-0.0133,2023-05-25
4260,sz300350,4.52,4.54,4.41,4.48,10525100.0,4.51,-0.03,-0.0067,2023-05-25
4261,sz300351,14.93,15.48,14.89,15.16,10708707.0,15.06,0.1,0.0066,2023-05-25
4262,sz300352,4.82,4.87,4.66,4.74,19909059.0,4.81,-0.07,-0.0146,2023-05-25
4263,sz300353,11.3,11.43,10.91,11.15,15072220.0,11.31,-0.16,-0.0141,2023-05-25
4264,sz300354,44.77,45.36,43.98,44.75,358800.0,44.77,-0.02,-0.0004,2023-05-25
4265,sz300355,3.44,3.5,3.41,3.49,17639680.0,3.46,0.03,0.0087,2023-05-25
4266,sz300356,0.0,0.0,0.0,0.0,0.0,4.56,-4.56,-1.0,2023-05-25
4267,sz300357,40.18,40.63,39.21,39.78,3187836.0,40.18,-0.4,-0.01,2023-05-25
4268,sz300358,15.09,15.18,14.9,15.05,3418258.0,15.1,-0.05,-0.0033,2023-05-25
4269,sz300359,6.66,6.73,6.36,6.48,34510705.0,6.73,-0.25,-0.0371,2023-05-25
4270,sz300360,17.5,17.66,16.75,17.17,22971546.0,17.75,-0.58,-0.0327,2023-05-25
4271,sz300363,31.81,32.04,31.35,31.64,4719999.0,31.93,-0.29,-0.0091,2023-05-25
4272,sz300364,18.04,18.31,16.95,17.45,73490064.0,18.12,-0.67,-0.037,2023-05-25
4273,sz300365,7.38,7.44,7.2,7.33,12650850.0,7.38,-0.05,-0.0068,2023-05-25
4274,sz300366,10.61,10.81,10.18,10.37,18392090.0,10.68,-0.31,-0.029,2023-05-25
4275,sz300368,6.48,6.53,6.32,6.41,5617900.0,6.48,-0.07,-0.0108,2023-05-25
4276,sz300369,11.17,11.4,10.93,11.16,20399442.0,11.28,-0.12,-0.0106,2023-05-25
4277,sz300370,2.91,2.94,2.82,2.86,13606160.0,2.91,-0.05,-0.0172,2023-05-25
4278,sz300371,15.49,15.5,15.15,15.41,831060.0,15.39,0.02,0.0013,2023-05-25
4279,sz300373,42.01,42.48,41.79,42.3,5042960.0,41.94,0.36,0.0086,2023-05-25
4280,sz300374,15.89,16.87,15.82,16.86,15610695.0,15.98,0.88,0.0551,2023-05-25
4281,sz300375,3.66,3.7,3.62,3.66,5326443.0,3.67,-0.01,-0.0027,2023-05-25
4282,sz300376,7.07,7.16,6.99,7.11,23316215.0,7.03,0.08,0.0114,2023-05-25
4283,sz300377,8.05,8.1,7.86,7.99,10175471.0,8.04,-0.05,-0.0062,2023-05-25
4284,sz300378,19.9,20.32,19.41,19.87,4827051.0,19.86,0.01,0.0005,2023-05-25
4285,sz300379,25.07,25.59,24.31,24.7,9075250.0,25.08,-0.38,-0.0152,2023-05-25
4286,sz300380,17.8,18.07,17.15,17.43,2255540.0,18.0,-0.57,-0.0317,2023-05-25
4287,sz300381,8.03,8.03,7.83,7.9,2562800.0,8.01,-0.11,-0.0137,2023-05-25
4288,sz300382,13.34,13.54,13.23,13.45,8216034.0,13.3,0.15,0.0113,2023-05-25
4289,sz300383,11.02,11.25,10.58,10.84,33178093.0,10.91,-0.07,-0.0064,2023-05-25
4290,sz300384,17.4,17.64,17.17,17.63,2156574.0,17.45,0.18,0.0103,2023-05-25
4291,sz300385,6.27,6.31,6.19,6.3,2468688.0,6.27,0.03,0.0048,2023-05-25
4292,sz300386,10.68,10.92,10.53,10.79,3842100.0,10.77,0.02,0.0019,2023-05-25
4293,sz300387,7.01,7.06,6.89,6.98,4774603.0,7.01,-0.03,-0.0043,2023-05-25
4294,sz300388,6.92,7.03,6.85,7.01,4140600.0,6.93,0.08,0.0115,2023-05-25
4295,sz300389,19.01,19.45,18.08,18.82,12024526.0,19.2,-0.38,-0.0198,2023-05-25
4296,sz300390,35.49,35.7,34.78,35.29,9842907.0,35.91,-0.62,-0.0173,2023-05-25
4297,sz300391,8.03,8.16,7.96,8.13,6255179.0,8.04,0.09,0.0112,2023-05-25
4298,sz300392,0.0,0.0,0.0,0.0,0.0,0.99,-0.99,-1.0,2023-05-25
4299,sz300393,13.76,15.38,13.73,14.78,79460904.0,13.89,0.89,0.0641,2023-05-25
4300,sz300394,63.5,70.3,63.5,70.3,37380223.0,58.58,11.72,0.2001,2023-05-25
4301,sz300395,48.2,48.85,47.29,47.99,2991835.0,47.93,0.06,0.0013,2023-05-25
4302,sz300396,35.65,36.2,34.72,35.07,1624414.0,35.93,-0.86,-0.0239,2023-05-25
4303,sz300397,10.52,11.02,10.5,10.72,16378509.0,10.43,0.29,0.0278,2023-05-25
4304,sz300398,17.83,17.95,17.62,17.94,8081650.0,17.9,0.04,0.0022,2023-05-25
4305,sz300399,13.2,13.44,12.77,13.1,7941319.0,13.19,-0.09,-0.0068,2023-05-25
4306,sz300400,16.21,16.46,16.06,16.41,2206500.0,16.28,0.13,0.008,2023-05-25
4307,sz300401,12.14,12.15,11.88,11.96,4081903.0,12.16,-0.2,-0.0164,2023-05-25
4308,sz300402,19.71,20.28,19.71,20.13,1986600.0,19.84,0.29,0.0146,2023-05-25
4309,sz300403,7.99,8.18,7.86,7.99,53046942.0,8.08,-0.09,-0.0111,2023-05-25
4310,sz300404,9.97,9.97,9.52,9.61,5755740.0,9.89,-0.28,-0.0283,2023-05-25
4311,sz300405,5.34,5.39,5.25,5.32,2798844.0,5.37,-0.05,-0.0093,2023-05-25
4312,sz300406,22.4,22.7,21.75,22.14,5091933.0,22.63,-0.49,-0.0217,2023-05-25
4313,sz300407,9.31,9.7,9.31,9.61,8494922.0,9.46,0.15,0.0159,2023-05-25
4314,sz300408,30.46,30.86,29.9,30.32,9039613.0,30.51,-0.19,-0.0062,2023-05-25
4315,sz300409,13.07,13.11,12.8,12.94,3828934.0,13.0,-0.06,-0.0046,2023-05-25
4316,sz300410,8.43,8.7,8.43,8.61,6711797.0,8.47,0.14,0.0165,2023-05-25
4317,sz300411,6.59,6.68,6.56,6.68,2718981.0,6.59,0.09,0.0137,2023-05-25
4318,sz300412,5.28,5.36,5.24,5.34,7601116.0,5.31,0.03,0.0056,2023-05-25
4319,sz300413,28.77,28.96,27.9,28.55,14536204.0,28.84,-0.29,-0.0101,2023-05-25
4320,sz300414,9.39,9.6,9.28,9.44,5214588.0,9.36,0.08,0.0085,2023-05-25
4321,sz300415,17.69,18.04,17.42,17.71,4454070.0,17.79,-0.08,-0.0045,2023-05-25
4322,sz300416,21.79,22.03,21.4,21.75,4231393.0,21.82,-0.07,-0.0032,2023-05-25
4323,sz300417,10.5,10.66,10.41,10.61,1378230.0,10.5,0.11,0.0105,2023-05-25
4324,sz300418,52.58,53.42,47.69,50.8,130782634.0,52.36,-1.56,-0.0298,2023-05-25
4325,sz300419,5.98,6.07,5.82,5.92,6812862.0,6.01,-0.09,-0.015,2023-05-25
4326,sz300420,3.09,3.23,3.07,3.15,28954920.0,3.1,0.05,0.0161,2023-05-25
4327,sz300421,9.8,9.85,9.54,9.76,5651880.0,9.71,0.05,0.0051,2023-05-25
4328,sz300422,6.18,6.29,6.14,6.28,3897700.0,6.2,0.08,0.0129,2023-05-25
4329,sz300423,11.25,11.86,11.25,11.47,10829297.0,11.31,0.16,0.0141,2023-05-25
4330,sz300424,13.75,13.99,13.64,13.86,4516574.0,13.78,0.08,0.0058,2023-05-25
4331,sz300425,4.97,5.01,4.89,4.99,8215017.0,4.99,0.0,0.0,2023-05-25
4332,sz300426,12.53,12.66,11.37,11.96,27815980.0,12.86,-0.9,-0.07,2023-05-25
4333,sz300427,7.32,7.38,7.17,7.25,8330000.0,7.39,-0.14,-0.0189,2023-05-25
4334,sz300428,21.48,21.77,21.16,21.37,4147600.0,21.55,-0.18,-0.0084,2023-05-25
4335,sz300429,9.9,10.06,9.86,10.0,10276703.0,9.96,0.04,0.004,2023-05-25
4336,sz300430,15.71,15.71,15.05,15.25,8030367.0,15.56,-0.31,-0.0199,2023-05-25
4337,sz300432,10.45,10.56,10.36,10.48,8449205.0,10.46,0.02,0.0019,2023-05-25
4338,sz300433,11.49,11.66,11.35,11.5,14637693.0,11.53,-0.03,-0.0026,2023-05-25
4339,sz300434,14.25,14.77,14.07,14.49,20913117.0,14.56,-0.07,-0.0048,2023-05-25
4340,sz300435,14.94,15.83,14.75,15.25,15837084.0,14.91,0.34,0.0228,2023-05-25
4341,sz300436,30.07,30.49,29.39,29.71,3086593.0,30.22,-0.51,-0.0169,2023-05-25
4342,sz300437,14.43,14.43,13.8,14.0,5566258.0,14.33,-0.33,-0.023,2023-05-25
4343,sz300438,49.26,51.24,49.12,50.19,11998340.0,49.56,0.63,0.0127,2023-05-25
4344,sz300439,11.99,12.15,11.9,12.05,2926800.0,12.1,-0.05,-0.0041,2023-05-25
4345,sz300440,7.01,7.05,6.8,6.94,3499706.0,7.0,-0.06,-0.0086,2023-05-25
4346,sz300441,5.8,5.85,5.76,5.83,3816458.0,5.83,0.0,0.0,2023-05-25
4347,sz300442,30.01,31.3,29.54,30.09,3413440.0,29.86,0.23,0.0077,2023-05-25
4348,sz300443,43.24,44.3,42.82,43.9,4714885.0,43.2,0.7,0.0162,2023-05-25
4349,sz300444,7.5,7.86,7.44,7.53,83498335.0,7.47,0.06,0.008,2023-05-25
4350,sz300445,14.55,14.57,14.19,14.49,1975415.0,14.5,-0.01,-0.0007,2023-05-25
4351,sz300446,14.47,15.97,14.05,15.55,28907194.0,15.03,0.52,0.0346,2023-05-25
4352,sz300447,17.01,17.46,16.85,17.18,5854664.0,17.08,0.1,0.0059,2023-05-25
4353,sz300448,5.79,5.89,5.66,5.75,8877500.0,5.83,-0.08,-0.0137,2023-05-25
4354,sz300449,7.21,7.28,6.79,7.04,37945625.0,7.41,-0.37,-0.0499,2023-05-25
4355,sz300450,36.25,37.0,35.85,36.54,8809243.0,36.37,0.17,0.0047,2023-05-25
4356,sz300451,8.1,8.18,7.85,7.97,14405515.0,8.09,-0.12,-0.0148,2023-05-25
4357,sz300452,19.05,19.35,18.63,18.89,3868630.0,19.0,-0.11,-0.0058,2023-05-25
4358,sz300453,7.38,7.38,7.18,7.25,3121104.0,7.31,-0.06,-0.0082,2023-05-25
4359,sz300454,119.06,120.78,117.0,120.16,2153316.0,119.57,0.59,0.0049,2023-05-25
4360,sz300455,11.62,12.2,11.25,11.41,35103028.0,11.66,-0.25,-0.0214,2023-05-25
4361,sz300456,21.26,21.57,20.05,20.97,38371791.0,21.26,-0.29,-0.0136,2023-05-25
4362,sz300457,18.18,18.57,18.1,18.42,5326153.0,18.18,0.24,0.0132,2023-05-25
4363,sz300458,31.48,31.91,29.4,30.78,58279107.0,31.63,-0.85,-0.0269,2023-05-25
4364,sz300459,6.23,6.34,5.88,6.07,357391384.0,6.29,-0.22,-0.035,2023-05-25
4365,sz300460,9.3,9.52,9.28,9.45,4337071.0,9.36,0.09,0.0096,2023-05-25
4366,sz300461,22.57,22.64,21.73,22.1,3094066.0,22.65,-0.55,-0.0243,2023-05-25
4367,sz300462,11.71,12.05,11.31,11.5,6107256.0,11.45,0.05,0.0044,2023-05-25
4368,sz300463,17.03,17.21,16.87,17.06,3087664.0,17.16,-0.1,-0.0058,2023-05-25
4369,sz300464,6.8,6.83,6.59,6.7,22547191.0,6.98,-0.28,-0.0401,2023-05-25
4370,sz300465,9.87,10.04,9.59,9.82,16471515.0,9.87,-0.05,-0.0051,2023-05-25
4371,sz300466,8.46,8.46,7.35,7.7,121555251.0,7.93,-0.23,-0.029,2023-05-25
4372,sz300467,16.3,16.84,15.54,15.85,17667946.0,16.44,-0.59,-0.0359,2023-05-25
4373,sz300468,11.49,11.66,11.16,11.4,14600491.0,11.49,-0.09,-0.0078,2023-05-25
4374,sz300469,22.46,22.79,21.9,22.47,5030178.0,22.6,-0.13,-0.0058,2023-05-25
4375,sz300470,46.16,47.27,45.9,47.01,1358360.0,46.2,0.81,0.0175,2023-05-25
4376,sz300471,13.56,13.68,13.26,13.52,5673291.0,13.47,0.05,0.0037,2023-05-25
4377,sz300472,10.58,10.69,10.43,10.5,2934073.0,10.58,-0.08,-0.0076,2023-05-25
4378,sz300473,16.47,16.76,16.47,16.74,1696610.0,16.58,0.16,0.0097,2023-05-25
4379,sz300474,83.5,85.7,80.5,82.94,18158122.0,79.81,3.13,0.0392,2023-05-25
4380,sz300475,22.3,23.23,22.22,22.59,5668162.0,22.83,-0.24,-0.0105,2023-05-25
4381,sz300476,22.2,22.72,19.2,20.07,137885951.0,20.14,-0.07,-0.0035,2023-05-25
4382,sz300477,4.72,4.8,4.68,4.77,12274444.0,4.72,0.05,0.0106,2023-05-25
4383,sz300478,9.85,11.57,9.82,10.47,12744106.0,9.84,0.63,0.064,2023-05-25
4384,sz300479,22.05,22.25,20.81,21.42,16638550.0,22.3,-0.88,-0.0395,2023-05-25
4385,sz300480,22.4,22.96,22.09,22.59,6246194.0,22.45,0.14,0.0062,2023-05-25
4386,sz300481,21.46,21.68,21.12,21.44,4435274.0,21.6,-0.16,-0.0074,2023-05-25
4387,sz300482,30.15,30.26,29.66,29.97,3062844.0,30.21,-0.24,-0.0079,2023-05-25
4388,sz300483,12.15,13.56,11.99,12.77,7934220.0,12.16,0.61,0.0502,2023-05-25
4389,sz300484,13.54,15.21,13.54,14.15,23510826.0,13.49,0.66,0.0489,2023-05-25
4390,sz300485,10.72,10.83,10.56,10.65,5572372.0,10.94,-0.29,-0.0265,2023-05-25
4391,sz300486,9.39,11.36,9.29,11.04,48846943.0,9.47,1.57,0.1658,2023-05-25
4392,sz300487,94.0,94.88,93.11,93.88,1356263.0,94.87,-0.99,-0.0104,2023-05-25
4393,sz300488,22.55,22.78,22.3,22.54,837500.0,22.62,-0.08,-0.0035,2023-05-25
4394,sz300489,17.33,17.76,17.27,17.38,1473390.0,17.48,-0.1,-0.0057,2023-05-25
4395,sz300490,16.31,17.4,16.17,17.28,25618144.0,16.31,0.97,0.0595,2023-05-25
4396,sz300491,27.72,30.59,27.25,28.24,18582328.0,26.98,1.26,0.0467,2023-05-25
4397,sz300492,55.65,56.0,52.42,52.84,954360.0,55.8,-2.96,-0.053,2023-05-25
4398,sz300493,8.32,8.5,8.07,8.23,10234527.0,8.31,-0.08,-0.0096,2023-05-25
4399,sz300494,35.8,36.72,33.39,34.1,18089100.0,36.13,-2.03,-0.0562,2023-05-25
4400,sz300495,2.07,2.07,2.0,2.01,7171356.0,2.07,-0.06,-0.029,2023-05-25
4401,sz300496,85.0,85.7,82.4,83.49,5898094.0,84.1,-0.61,-0.0073,2023-05-25
4402,sz300497,12.73,12.95,12.25,12.42,12422420.0,12.73,-0.31,-0.0244,2023-05-25
4403,sz300498,17.56,17.63,17.13,17.28,22520165.0,17.58,-0.3,-0.0171,2023-05-25
4404,sz300499,17.22,17.75,16.2,16.8,49922588.0,16.53,0.27,0.0163,2023-05-25
4405,sz300500,17.39,18.12,17.26,17.8,10549774.0,17.34,0.46,0.0265,2023-05-25
4406,sz300501,15.85,16.04,15.73,15.98,2427867.0,15.88,0.1,0.0063,2023-05-25
4407,sz300502,68.88,71.8,64.0,68.55,59866478.0,64.08,4.47,0.0698,2023-05-25
4408,sz300503,10.46,11.09,10.43,10.91,29546212.0,10.85,0.06,0.0055,2023-05-25
4409,sz300504,17.67,18.16,17.45,17.9,7996272.0,17.53,0.37,0.0211,2023-05-25
4410,sz300505,17.96,18.1,17.69,17.91,2241323.0,18.05,-0.14,-0.0078,2023-05-25
4411,sz300506,5.8,5.82,5.68,5.76,4828305.0,5.81,-0.05,-0.0086,2023-05-25
4412,sz300507,6.2,6.44,6.12,6.26,35477219.0,6.29,-0.03,-0.0048,2023-05-25
4413,sz300508,35.16,35.3,31.83,32.39,9860867.0,34.08,-1.69,-0.0496,2023-05-25
4414,sz300509,6.71,6.86,6.66,6.8,3252898.0,6.77,0.03,0.0044,2023-05-25
4415,sz300510,6.94,6.94,6.94,6.94,47561542.0,5.78,1.16,0.2007,2023-05-25
4416,sz300511,7.51,7.57,7.28,7.37,15033539.0,7.53,-0.16,-0.0212,2023-05-25
4417,sz300512,8.44,8.53,8.38,8.5,3619650.0,8.41,0.09,0.0107,2023-05-25
4418,sz300513,14.07,14.56,14.02,14.21,22517838.0,14.18,0.03,0.0021,2023-05-25
4419,sz300514,15.34,15.66,14.77,15.06,34577100.0,16.06,-1.0,-0.0623,2023-05-25
4420,sz300515,15.2,15.32,14.9,15.11,1299900.0,15.04,0.07,0.0047,2023-05-25
4421,sz300516,37.0,37.55,35.41,35.71,6860476.0,36.9,-1.19,-0.0322,2023-05-25
4422,sz300517,12.86,13.08,12.86,13.02,1320540.0,12.93,0.09,0.007,2023-05-25
4423,sz300518,32.32,32.8,30.83,31.23,1600145.0,32.4,-1.17,-0.0361,2023-05-25
4424,sz300519,17.09,17.18,16.71,16.93,1668010.0,17.02,-0.09,-0.0053,2023-05-25
4425,sz300520,21.77,22.15,20.94,21.55,10902097.0,21.58,-0.03,-0.0014,2023-05-25
4426,sz300521,13.85,13.85,13.32,13.5,2040080.0,13.88,-0.38,-0.0274,2023-05-25
4427,sz300522,14.6,14.64,14.15,14.38,2740633.0,14.45,-0.07,-0.0048,2023-05-25
4428,sz300523,24.16,24.43,23.75,24.14,2512780.0,24.23,-0.09,-0.0037,2023-05-25
4429,sz300525,19.0,19.15,18.6,18.7,6884868.0,19.04,-0.34,-0.0179,2023-05-25
4430,sz300526,0.0,0.0,0.0,0.0,0.0,4.65,-4.65,-1.0,2023-05-25
4431,sz300527,8.82,9.43,8.8,9.19,43103757.0,8.9,0.29,0.0326,2023-05-25
4432,sz300528,8.36,8.51,8.11,8.33,15616387.0,8.52,-0.19,-0.0223,2023-05-25
4433,sz300529,28.91,29.0,28.58,28.9,1906415.0,28.86,0.04,0.0014,2023-05-25
4434,sz300530,24.03,24.68,23.75,24.25,931801.0,24.25,0.0,0.0,2023-05-25
4435,sz300531,13.72,13.88,13.34,13.58,4268200.0,13.61,-0.03,-0.0022,2023-05-25
4436,sz300532,19.41,19.73,18.95,19.35,13888823.0,19.52,-0.17,-0.0087,2023-05-25
4437,sz300533,87.0,89.88,81.32,85.09,17097305.0,88.48,-3.39,-0.0383,2023-05-25
4438,sz300534,10.42,10.62,10.29,10.48,15232700.0,10.42,0.06,0.0058,2023-05-25
4439,sz300535,13.93,13.97,13.71,13.9,927104.0,13.93,-0.03,-0.0022,2023-05-25
4440,sz300536,14.08,14.25,13.93,14.19,1927318.0,14.12,0.07,0.005,2023-05-25
4441,sz300537,15.1,15.57,15.1,15.46,9311544.0,15.31,0.15,0.0098,2023-05-25
4442,sz300538,17.05,17.5,16.86,17.37,14854677.0,17.89,-0.52,-0.0291,2023-05-25
4443,sz300539,12.99,13.24,12.75,12.93,1933720.0,13.06,-0.13,-0.01,2023-05-25
4444,sz300540,24.12,24.36,23.7,24.26,2265400.0,24.16,0.1,0.0041,2023-05-25
4445,sz300541,12.95,12.97,12.36,12.56,8940525.0,12.45,0.11,0.0088,2023-05-25
4446,sz300542,12.24,12.35,11.9,12.16,3102500.0,12.18,-0.02,-0.0016,2023-05-25
4447,sz300543,9.44,10.37,9.44,9.88,16447837.0,9.5,0.38,0.04,2023-05-25
4448,sz300545,25.01,27.52,25.01,27.52,19917869.0,25.42,2.1,0.0826,2023-05-25
4449,sz300546,24.04,24.98,24.01,24.45,5107500.0,24.88,-0.43,-0.0173,2023-05-25
4450,sz300547,15.57,16.0,15.47,15.79,2550000.0,15.63,0.16,0.0102,2023-05-25
4451,sz300548,27.84,28.48,26.28,27.58,29600200.0,27.2,0.38,0.014,2023-05-25
4452,sz300549,19.76,19.77,18.21,18.97,17614105.0,20.37,-1.4,-0.0687,2023-05-25
4453,sz300550,17.41,17.57,17.09,17.26,1708039.0,17.4,-0.14,-0.008,2023-05-25
4454,sz300551,20.52,21.0,19.16,20.15,15262621.0,20.52,-0.37,-0.018,2023-05-25
4455,sz300552,17.82,18.36,17.5,17.92,2096600.0,18.23,-0.31,-0.017,2023-05-25
4456,sz300553,51.78,52.84,51.64,52.2,983980.0,51.64,0.56,0.0108,2023-05-25
4457,sz300554,20.95,21.6,20.91,21.2,2619300.0,20.96,0.24,0.0115,2023-05-25
4458,sz300555,6.39,6.39,6.19,6.26,2162500.0,6.4,-0.14,-0.0219,2023-05-25
4459,sz300556,23.46,24.33,23.05,23.69,6533200.0,23.57,0.12,0.0051,2023-05-25
4460,sz300557,38.2,39.16,37.7,38.4,3646200.0,37.96,0.44,0.0116,2023-05-25
4461,sz300558,68.03,68.73,66.69,68.39,2351470.0,68.94,-0.55,-0.008,2023-05-25
4462,sz300559,15.83,16.36,15.24,15.66,7359400.0,16.05,-0.39,-0.0243,2023-05-25
4463,sz300560,16.8,17.51,16.1,16.6,13164401.0,16.12,0.48,0.0298,2023-05-25
4464,sz300561,11.99,11.99,11.5,11.63,8269275.0,11.59,0.04,0.0035,2023-05-25
4465,sz300562,9.62,9.68,9.41,9.56,2660920.0,9.65,-0.09,-0.0093,2023-05-25
4466,sz300563,13.19,13.44,13.0,13.21,3842880.0,13.09,0.12,0.0092,2023-05-25
4467,sz300564,12.53,12.88,12.45,12.7,2227700.0,12.59,0.11,0.0087,2023-05-25
4468,sz300565,16.56,17.09,16.53,16.92,7481552.0,16.69,0.23,0.0138,2023-05-25
4469,sz300566,18.5,19.45,18.25,19.4,19296347.0,18.37,1.03,0.0561,2023-05-25
4470,sz300567,93.11,94.86,91.15,94.47,5088465.0,94.41,0.06,0.0006,2023-05-25
4471,sz300568,17.05,17.22,16.92,17.07,9261029.0,17.14,-0.07,-0.0041,2023-05-25
4472,sz300569,8.69,8.99,8.69,8.89,12548783.0,8.82,0.07,0.0079,2023-05-25
4473,sz300570,26.12,28.58,25.66,26.75,35022922.0,25.42,1.33,0.0523,2023-05-25
4474,sz300571,32.05,32.85,31.49,32.0,3244600.0,32.14,-0.14,-0.0044,2023-05-25
4475,sz300572,17.13,17.62,16.86,17.39,5992937.0,17.06,0.33,0.0193,2023-05-25
4476,sz300573,192.84,193.96,187.18,190.15,1810860.0,192.83,-2.68,-0.0139,2023-05-25
4477,sz300575,11.26,11.39,11.1,11.27,1915071.0,11.35,-0.08,-0.007,2023-05-25
4478,sz300576,46.98,46.98,43.5,44.5,36327279.0,46.32,-1.82,-0.0393,2023-05-25
4479,sz300577,15.79,16.01,15.62,16.0,1398249.0,15.73,0.27,0.0172,2023-05-25
4480,sz300578,19.78,20.06,18.97,19.34,3791100.0,19.62,-0.28,-0.0143,2023-05-25
4481,sz300579,30.31,31.08,29.73,30.47,4455226.0,30.6,-0.13,-0.0042,2023-05-25
4482,sz300580,25.09,26.07,24.84,25.25,2639285.0,25.18,0.07,0.0028,2023-05-25
4483,sz300581,17.68,18.1,17.65,17.85,4661500.0,17.67,0.18,0.0102,2023-05-25
4484,sz300582,13.96,14.29,13.71,13.97,7359204.0,13.9,0.07,0.005,2023-05-25
4485,sz300583,26.53,26.61,25.79,25.99,1169200.0,26.72,-0.73,-0.0273,2023-05-25
4486,sz300584,25.43,26.59,25.26,26.11,5071400.0,25.66,0.45,0.0175,2023-05-25
4487,sz300585,17.36,17.56,16.99,17.3,8049700.0,17.45,-0.15,-0.0086,2023-05-25
4488,sz300586,11.71,11.98,11.63,11.76,10766319.0,11.66,0.1,0.0086,2023-05-25
4489,sz300587,9.21,9.3,9.11,9.18,7228381.0,9.21,-0.03,-0.0033,2023-05-25
4490,sz300588,11.06,11.23,10.71,10.95,5533300.0,11.08,-0.13,-0.0117,2023-05-25
4491,sz300589,14.23,14.6,14.2,14.44,9453420.0,14.47,-0.03,-0.0021,2023-05-25
4492,sz300590,11.25,11.51,11.13,11.36,6527970.0,11.27,0.09,0.008,2023-05-25
4493,sz300591,6.06,6.08,5.91,6.0,9785405.0,6.11,-0.11,-0.018,2023-05-25
4494,sz300592,26.1,26.46,24.75,25.44,10850800.0,26.32,-0.88,-0.0334,2023-05-25
4495,sz300593,27.6,27.69,26.88,27.12,5607877.0,27.61,-0.49,-0.0177,2023-05-25
4496,sz300594,25.42,26.16,25.27,25.56,3215625.0,25.73,-0.17,-0.0066,2023-05-25
4497,sz300595,29.45,29.45,28.49,28.95,10438700.0,29.51,-0.56,-0.019,2023-05-25
4498,sz300596,40.46,40.46,39.56,39.87,1356936.0,40.34,-0.47,-0.0117,2023-05-25
4499,sz300597,9.08,9.28,8.92,9.09,5058100.0,9.13,-0.04,-0.0044,2023-05-25
4500,sz300598,45.01,45.88,44.25,44.82,3291901.0,45.49,-0.67,-0.0147,2023-05-25
4501,sz300599,7.9,7.97,7.81,7.97,3006565.0,7.88,0.09,0.0114,2023-05-25
4502,sz300600,10.8,11.22,10.77,10.98,12020892.0,10.87,0.11,0.0101,2023-05-25
4503,sz300601,28.35,28.51,28.03,28.32,5873899.0,28.43,-0.11,-0.0039,2023-05-25
4504,sz300602,14.64,14.88,14.2,14.49,8220245.0,14.55,-0.06,-0.0041,2023-05-25
4505,sz300603,11.17,11.4,10.89,11.26,10275300.0,11.18,0.08,0.0072,2023-05-25
4506,sz300604,47.5,48.28,46.74,48.0,7363785.0,47.78,0.22,0.0046,2023-05-25
4507,sz300605,14.47,14.71,14.21,14.4,3199150.0,14.43,-0.03,-0.0021,2023-05-25
4508,sz300606,16.0,16.39,15.35,15.81,3468100.0,16.13,-0.32,-0.0198,2023-05-25
4509,sz300607,13.56,13.9,13.46,13.66,8801855.0,13.59,0.07,0.0052,2023-05-25
4510,sz300608,9.37,9.56,9.15,9.3,4733720.0,9.34,-0.04,-0.0043,2023-05-25
4511,sz300609,21.79,21.88,20.8,21.1,6929200.0,21.94,-0.84,-0.0383,2023-05-25
4512,sz300610,11.38,11.5,11.31,11.46,1343780.0,11.45,0.01,0.0009,2023-05-25
4513,sz300611,8.73,8.83,8.63,8.83,2893600.0,8.7,0.13,0.0149,2023-05-25
4514,sz300612,20.43,20.85,19.61,20.01,8029755.0,20.27,-0.26,-0.0128,2023-05-25
4515,sz300613,57.0,58.5,56.62,58.46,4501102.0,57.0,1.46,0.0256,2023-05-25
4516,sz300614,27.0,27.68,26.7,27.12,2913514.0,27.28,-0.16,-0.0059,2023-05-25
4517,sz300615,16.29,17.17,16.29,17.08,15502940.0,16.25,0.83,0.0511,2023-05-25
4518,sz300616,21.78,21.99,21.28,21.5,1933800.0,21.78,-0.28,-0.0129,2023-05-25
4519,sz300617,37.96,39.89,37.96,39.89,7336087.0,37.79,2.1,0.0556,2023-05-25
4520,sz300618,33.86,34.06,33.45,33.83,1976839.0,33.98,-0.15,-0.0044,2023-05-25
4521,sz300619,62.67,63.21,62.12,62.8,359900.0,62.95,-0.15,-0.0024,2023-05-25
4522,sz300620,50.0,51.49,44.15,45.5,47955705.0,46.7,-1.2,-0.0257,2023-05-25
4523,sz300621,9.59,9.78,9.57,9.77,1430494.0,9.64,0.13,0.0135,2023-05-25
4524,sz300622,24.07,24.16,23.8,24.01,1547300.0,24.07,-0.06,-0.0025,2023-05-25
4525,sz300623,19.15,19.34,18.97,19.24,3983249.0,19.14,0.1,0.0052,2023-05-25
4526,sz300624,122.01,125.37,111.66,116.88,18322550.0,122.99,-6.11,-0.0497,2023-05-25
4527,sz300625,13.14,13.36,13.0,13.29,3635276.0,13.14,0.15,0.0114,2023-05-25
4528,sz300626,8.98,9.0,8.8,8.94,2743600.0,8.94,0.0,0.0,2023-05-25
4529,sz300627,28.8,29.1,28.02,28.27,2652646.0,28.73,-0.46,-0.016,2023-05-25
4530,sz300628,54.82,55.19,54.12,55.0,4650756.0,54.35,0.65,0.012,2023-05-25
4531,sz300629,24.97,25.74,24.91,25.45,4196375.0,25.03,0.42,0.0168,2023-05-25
4532,sz300630,20.14,20.49,19.93,20.13,5589271.0,20.12,0.01,0.0005,2023-05-25
4533,sz300631,35.25,35.8,34.5,35.59,2545294.0,35.71,-0.12,-0.0034,2023-05-25
4534,sz300632,11.52,11.72,11.44,11.66,2669607.0,11.52,0.14,0.0122,2023-05-25
4535,sz300633,60.15,61.16,59.05,59.8,2565476.0,60.4,-0.6,-0.0099,2023-05-25
4536,sz300634,25.35,25.59,23.7,24.32,29937031.0,26.15,-1.83,-0.07,2023-05-25
4537,sz300635,12.87,13.0,12.7,12.91,1079600.0,12.87,0.04,0.0031,2023-05-25
4538,sz300636,13.35,13.35,13.03,13.13,2207580.0,13.25,-0.12,-0.0091,2023-05-25
4539,sz300637,7.4,7.45,7.23,7.33,3339900.0,7.45,-0.12,-0.0161,2023-05-25
4540,sz300638,24.86,25.49,24.18,24.69,14629508.0,24.72,-0.03,-0.0012,2023-05-25
4541,sz300639,9.33,9.4,9.07,9.17,5929818.0,9.33,-0.16,-0.0171,2023-05-25
4542,sz300640,5.92,5.94,5.8,5.89,4080376.0,5.93,-0.04,-0.0067,2023-05-25
4543,sz300641,5.19,5.25,5.12,5.19,2250170.0,5.22,-0.03,-0.0057,2023-05-25
4544,sz300642,21.39,21.39,20.9,21.23,776731.0,21.39,-0.16,-0.0075,2023-05-25
4545,sz300643,13.0,13.05,12.5,12.76,8293000.0,13.23,-0.47,-0.0355,2023-05-25
4546,sz300644,17.17,17.33,16.94,17.22,1213500.0,17.22,0.0,0.0,2023-05-25
4547,sz300645,27.48,27.78,26.84,27.48,1596000.0,27.35,0.13,0.0048,2023-05-25
4548,sz300647,6.91,7.15,6.9,7.07,5842051.0,7.09,-0.02,-0.0028,2023-05-25
4549,sz300648,33.32,35.05,33.32,34.23,2982094.0,33.71,0.52,0.0154,2023-05-25
4550,sz300649,19.1,22.92,18.91,22.92,12495611.0,19.1,3.82,0.2,2023-05-25
4551,sz300650,12.98,13.07,12.79,12.97,3183350.0,13.0,-0.03,-0.0023,2023-05-25
4552,sz300651,23.22,24.5,23.12,23.46,3112390.0,23.4,0.06,0.0026,2023-05-25
4553,sz300652,21.17,21.44,20.97,21.18,973700.0,21.2,-0.02,-0.0009,2023-05-25
4554,sz300653,36.27,37.63,36.27,37.21,2292822.0,36.59,0.62,0.0169,2023-05-25
4555,sz300654,14.51,15.04,13.55,14.27,37736343.0,15.07,-0.8,-0.0531,2023-05-25
4556,sz300655,21.6,22.07,21.5,22.03,35224542.0,21.76,0.27,0.0124,2023-05-25
4557,sz300656,35.03,35.88,34.55,34.9,1031471.0,35.16,-0.26,-0.0074,2023-05-25
4558,sz300657,14.3,14.75,14.18,14.74,18994435.0,14.32,0.42,0.0293,2023-05-25
4559,sz300658,8.08,8.09,7.96,8.06,1978250.0,8.1,-0.04,-0.0049,2023-05-25
4560,sz300659,22.64,22.94,21.88,22.28,2798568.0,22.54,-0.26,-0.0115,2023-05-25
4561,sz300660,31.37,33.02,31.3,32.1,7972314.0,32.26,-0.16,-0.005,2023-05-25
4562,sz300661,113.04,114.1,110.79,113.37,2121033.0,113.02,0.35,0.0031,2023-05-25
4563,sz300662,34.92,35.3,34.25,34.79,929135.0,34.91,-0.12,-0.0034,2023-05-25
4564,sz300663,13.58,13.83,13.3,13.53,6733321.0,13.65,-0.12,-0.0088,2023-05-25
4565,sz300664,5.91,5.92,5.78,5.87,8559750.0,5.89,-0.02,-0.0034,2023-05-25
4566,sz300665,8.49,8.51,8.34,8.45,4083260.0,8.49,-0.04,-0.0047,2023-05-25
4567,sz300666,68.65,69.47,66.84,68.6,5965795.0,68.89,-0.29,-0.0042,2023-05-25
4568,sz300667,17.64,18.0,17.51,17.79,2556375.0,17.65,0.14,0.0079,2023-05-25
4569,sz300668,24.0,24.31,23.42,24.2,1169150.0,24.07,0.13,0.0054,2023-05-25
4570,sz300669,13.26,13.42,12.9,13.07,2068538.0,13.17,-0.1,-0.0076,2023-05-25
4571,sz300670,9.26,9.5,9.06,9.27,30028904.0,9.55,-0.28,-0.0293,2023-05-25
4572,sz300671,43.76,44.84,42.81,43.7,3209993.0,43.56,0.14,0.0032,2023-05-25
4573,sz300672,92.1,94.79,90.8,94.27,5666672.0,92.87,1.4,0.0151,2023-05-25
4574,sz300673,13.85,14.13,13.61,13.8,2134809.0,13.94,-0.14,-0.01,2023-05-25
4575,sz300674,16.09,16.46,15.65,16.0,14998870.0,16.18,-0.18,-0.0111,2023-05-25
4576,sz300675,15.83,16.55,15.7,16.41,7629199.0,16.08,0.33,0.0205,2023-05-25
4577,sz300676,58.38,58.77,57.0,58.13,3363013.0,58.38,-0.25,-0.0043,2023-05-25
4578,sz300677,23.65,23.7,23.2,23.43,5809932.0,23.68,-0.25,-0.0106,2023-05-25
4579,sz300678,54.11,66.0,52.99,66.0,41210869.0,55.0,11.0,0.2,2023-05-25
4580,sz300679,32.77,33.65,32.3,32.76,1865494.0,32.85,-0.09,-0.0027,2023-05-25
4581,sz300680,18.64,18.76,18.43,18.58,3253781.0,18.64,-0.06,-0.0032,2023-05-25
4582,sz300681,19.77,20.1,19.55,19.74,2093513.0,19.82,-0.08,-0.004,2023-05-25
4583,sz300682,21.22,21.69,20.84,21.25,7341913.0,21.4,-0.15,-0.007,2023-05-25
4584,sz300683,35.28,35.4,34.72,35.25,566500.0,35.28,-0.03,-0.0009,2023-05-25
4585,sz300684,23.1,24.19,22.49,24.05,30934992.0,23.19,0.86,0.0371,2023-05-25
4586,sz300685,26.35,26.7,26.11,26.46,1624063.0,26.49,-0.03,-0.0011,2023-05-25
4587,sz300686,11.3,11.52,10.83,11.03,20582345.0,11.69,-0.66,-0.0565,2023-05-25
4588,sz300687,25.42,25.85,24.99,25.53,3767246.0,25.58,-0.05,-0.002,2023-05-25
4589,sz300688,29.52,30.5,28.8,29.6,18147652.0,29.97,-0.37,-0.0123,2023-05-25
4590,sz300689,23.51,23.65,22.65,23.19,6149190.0,23.9,-0.71,-0.0297,2023-05-25
4591,sz300690,15.47,15.95,15.45,15.81,2294532.0,15.57,0.24,0.0154,2023-05-25
4592,sz300691,16.24,16.49,15.88,16.13,5834159.0,16.3,-0.17,-0.0104,2023-05-25
4593,sz300692,7.59,7.76,7.57,7.69,7625317.0,7.63,0.06,0.0079,2023-05-25
4594,sz300693,40.05,43.25,39.62,42.58,18414138.0,40.39,2.19,0.0542,2023-05-25
4595,sz300694,9.88,10.05,9.85,10.05,2125100.0,9.94,0.11,0.0111,2023-05-25
4596,sz300695,45.65,45.65,44.37,44.67,271400.0,45.02,-0.35,-0.0078,2023-05-25
4597,sz300696,23.61,24.1,23.51,23.81,2141936.0,23.7,0.11,0.0046,2023-05-25
4598,sz300697,11.54,11.8,11.28,11.59,4851948.0,11.45,0.14,0.0122,2023-05-25
4599,sz300698,24.72,25.24,24.42,24.68,1737130.0,24.72,-0.04,-0.0016,2023-05-25
4600,sz300699,31.33,31.84,31.13,31.43,5866016.0,31.38,0.05,0.0016,2023-05-25
4601,sz300700,16.69,17.1,16.69,16.93,3865634.0,16.79,0.14,0.0083,2023-05-25
4602,sz300701,10.09,11.4,10.09,10.9,24820415.0,10.45,0.45,0.0431,2023-05-25
4603,sz300702,26.49,26.49,25.6,25.82,4761280.0,26.7,-0.88,-0.033,2023-05-25
4604,sz300703,9.53,9.54,9.34,9.5,2001100.0,9.5,0.0,0.0,2023-05-25
4605,sz300705,26.52,27.06,26.52,26.83,1026140.0,27.06,-0.23,-0.0085,2023-05-25
4606,sz300706,24.05,24.99,24.05,24.65,4726119.0,24.23,0.42,0.0173,2023-05-25
4607,sz300707,14.31,14.62,14.26,14.46,3002500.0,14.36,0.1,0.007,2023-05-25
4608,sz300708,10.45,10.7,10.18,10.39,10969980.0,10.37,0.02,0.0019,2023-05-25
4609,sz300709,23.19,23.85,22.57,22.8,20164521.0,22.07,0.73,0.0331,2023-05-25
4610,sz300710,26.13,26.37,25.55,25.77,961505.0,25.9,-0.13,-0.005,2023-05-25
4611,sz300711,14.99,15.54,14.85,15.22,4809420.0,14.98,0.24,0.016,2023-05-25
4612,sz300712,36.2,37.78,36.15,37.22,4162703.0,36.43,0.79,0.0217,2023-05-25
4613,sz300713,22.5,24.65,22.5,23.66,21980937.0,23.3,0.36,0.0155,2023-05-25
4614,sz300715,14.66,14.9,14.51,14.73,1247040.0,14.76,-0.03,-0.002,2023-05-25
4615,sz300716,14.43,15.75,14.43,15.72,10658315.0,14.48,1.24,0.0856,2023-05-25
4616,sz300717,15.7,15.89,15.5,15.71,657800.0,15.75,-0.04,-0.0025,2023-05-25
4617,sz300718,18.3,18.62,18.13,18.46,2238738.0,18.33,0.13,0.0071,2023-05-25
4618,sz300719,12.76,12.95,12.6,12.79,3229600.0,12.76,0.03,0.0024,2023-05-25
4619,sz300720,12.6,13.64,12.41,13.38,10098617.0,12.9,0.48,0.0372,2023-05-25
4620,sz300721,17.1,17.1,16.47,16.75,4217724.0,17.21,-0.46,-0.0267,2023-05-25
4621,sz300722,31.59,33.27,31.38,32.41,8464780.0,31.58,0.83,0.0263,2023-05-25
4622,sz300723,32.32,32.59,31.5,31.92,1879247.0,32.69,-0.77,-0.0236,2023-05-25
4623,sz300724,106.94,117.8,105.0,115.0,17092996.0,106.94,8.06,0.0754,2023-05-25
4624,sz300725,53.03,53.87,52.58,53.05,2105515.0,53.68,-0.63,-0.0117,2023-05-25
4625,sz300726,40.6,41.49,40.38,40.95,1443433.0,40.68,0.27,0.0066,2023-05-25
4626,sz300727,26.45,27.11,26.11,26.8,2588530.0,26.37,0.43,0.0163,2023-05-25
4627,sz300729,15.49,15.49,14.5,15.02,8360517.0,15.38,-0.36,-0.0234,2023-05-25
4628,sz300730,13.97,14.22,13.34,13.63,11560000.0,14.02,-0.39,-0.0278,2023-05-25
4629,sz300731,17.8,18.25,17.3,17.53,2220120.0,17.58,-0.05,-0.0028,2023-05-25
4630,sz300732,9.81,9.96,9.74,9.91,7314071.0,9.79,0.12,0.0123,2023-05-25
4631,sz300733,23.67,23.8,23.38,23.57,847200.0,23.6,-0.03,-0.0013,2023-05-25
4632,sz300735,10.89,11.16,10.82,10.92,4621957.0,10.97,-0.05,-0.0046,2023-05-25
4633,sz300736,11.99,12.05,11.72,11.9,2569500.0,11.96,-0.06,-0.005,2023-05-25
4634,sz300737,9.85,9.9,9.59,9.67,10409020.0,9.86,-0.19,-0.0193,2023-05-25
4635,sz300738,12.19,12.37,11.7,11.97,12021338.0,12.0,-0.03,-0.0025,2023-05-25
4636,sz300739,13.86,14.06,13.65,13.91,2085169.0,13.75,0.16,0.0116,2023-05-25
4637,sz300740,15.73,15.8,15.35,15.78,13268525.0,15.77,0.01,0.0006,2023-05-25
4638,sz300741,21.95,22.17,21.75,22.16,1283414.0,22.03,0.13,0.0059,2023-05-25
4639,sz300742,6.06,6.16,5.88,5.93,5010320.0,6.25,-0.32,-0.0512,2023-05-25
4640,sz300743,14.92,14.97,14.47,14.68,3814492.0,14.8,-0.12,-0.0081,2023-05-25
4641,sz300745,40.99,42.82,40.73,41.73,3068229.0,40.94,0.79,0.0193,2023-05-25
4642,sz300746,9.75,11.11,9.66,10.4,11745160.0,9.74,0.66,0.0678,2023-05-25
4643,sz300747,28.87,29.45,28.23,28.79,12147928.0,28.94,-0.15,-0.0052,2023-05-25
4644,sz300748,26.9,26.99,26.7,26.97,3739276.0,26.89,0.08,0.003,2023-05-25
4645,sz300749,8.5,8.55,8.38,8.49,1393400.0,8.5,-0.01,-0.0012,2023-05-25
4646,sz300750,224.85,227.68,222.49,224.09,13753272.0,225.25,-1.16,-0.0051,2023-05-25
4647,sz300751,172.9,182.27,168.88,180.1,3607079.0,172.56,7.54,0.0437,2023-05-25
4648,sz300752,16.75,16.75,16.25,16.49,2349360.0,16.52,-0.03,-0.0018,2023-05-25
4649,sz300753,15.67,15.91,15.35,15.52,3180065.0,15.83,-0.31,-0.0196,2023-05-25
4650,sz300755,26.2,26.21,24.71,25.5,3546410.0,26.1,-0.6,-0.023,2023-05-25
4651,sz300756,18.3,18.71,18.14,18.66,4492053.0,18.42,0.24,0.013,2023-05-25
4652,sz300757,61.58,66.46,60.66,62.61,6347337.0,59.51,3.1,0.0521,2023-05-25
4653,sz300758,10.43,10.54,10.21,10.32,3837266.0,10.46,-0.14,-0.0134,2023-05-25
4654,sz300759,47.4,47.64,46.53,47.1,8415866.0,47.33,-0.23,-0.0049,2023-05-25
4655,sz300760,311.87,315.45,309.75,314.71,2640770.0,312.0,2.71,0.0087,2023-05-25
4656,sz300761,19.63,19.65,18.9,19.18,1727435.0,19.58,-0.4,-0.0204,2023-05-25
4657,sz300762,11.97,12.15,11.76,11.93,6283123.0,11.9,0.03,0.0025,2023-05-25
4658,sz300763,106.82,111.77,104.52,109.82,10441117.0,106.93,2.89,0.027,2023-05-25
4659,sz300765,13.65,13.78,13.19,13.5,11597814.0,13.72,-0.22,-0.016,2023-05-25
4660,sz300766,16.34,16.6,15.91,16.3,10830593.0,16.4,-0.1,-0.0061,2023-05-25
4661,sz300767,29.43,29.48,28.5,28.98,4424988.0,29.32,-0.34,-0.0116,2023-05-25
4662,sz300768,16.57,16.88,15.96,16.27,5755335.0,16.71,-0.44,-0.0263,2023-05-25
4663,sz300769,168.51,175.55,165.71,174.95,3478441.0,167.9,7.05,0.042,2023-05-25
4664,sz300770,41.6,41.8,40.1,40.9,4710693.0,41.5,-0.6,-0.0145,2023-05-25
4665,sz300771,11.16,11.22,10.79,10.96,5055070.0,11.11,-0.15,-0.0135,2023-05-25
4666,sz300772,13.5,13.78,13.38,13.71,6906416.0,13.56,0.15,0.0111,2023-05-25
4667,sz300773,17.87,18.48,17.51,17.8,22660618.0,18.03,-0.23,-0.0128,2023-05-25
4668,sz300774,10.88,11.09,10.85,11.02,2803305.0,10.88,0.14,0.0129,2023-05-25
4669,sz300775,34.35,34.78,34.33,34.59,3497040.0,34.43,0.16,0.0046,2023-05-25
4670,sz300776,104.02,107.94,103.0,106.89,5155501.0,104.93,1.96,0.0187,2023-05-25
4671,sz300777,48.47,49.28,48.08,48.63,3578861.0,48.35,0.28,0.0058,2023-05-25
4672,sz300778,21.42,22.46,20.56,21.71,13572999.0,21.53,0.18,0.0084,2023-05-25
4673,sz300779,50.02,52.16,50.02,51.36,4799321.0,50.7,0.66,0.013,2023-05-25
4674,sz300780,14.03,14.19,13.8,14.05,3588361.0,14.03,0.02,0.0014,2023-05-25
4675,sz300781,24.62,25.1,23.94,24.27,2348210.0,24.64,-0.37,-0.015,2023-05-25
4676,sz300782,92.5,93.56,90.9,92.65,4648898.0,92.5,0.15,0.0016,2023-05-25
4677,sz300783,21.18,21.35,20.8,21.1,5571700.0,21.45,-0.35,-0.0163,2023-05-25
4678,sz300785,44.89,46.01,42.99,44.3,3456500.0,45.11,-0.81,-0.018,2023-05-25
4679,sz300786,17.48,17.81,17.2,17.45,3613032.0,17.56,-0.11,-0.0063,2023-05-25
4680,sz300787,19.4,20.59,19.22,20.11,4840330.0,19.48,0.63,0.0323,2023-05-25
4681,sz300788,33.24,34.3,31.85,32.98,6145804.0,33.3,-0.32,-0.0096,2023-05-25
4682,sz300789,26.18,26.37,25.65,26.07,926860.0,26.22,-0.15,-0.0057,2023-05-25
4683,sz300790,15.11,15.29,14.92,15.12,2037700.0,15.1,0.02,0.0013,2023-05-25
4684,sz300791,32.59,32.99,32.0,32.4,808780.0,32.59,-0.19,-0.0058,2023-05-25
4685,sz300792,30.76,31.45,29.6,30.25,7939507.0,31.15,-0.9,-0.0289,2023-05-25
4686,sz300793,19.38,19.65,18.63,19.04,14339460.0,19.28,-0.24,-0.0124,2023-05-25
4687,sz300795,55.55,56.55,52.2,53.81,1582107.0,55.23,-1.42,-0.0257,2023-05-25
4688,sz300796,11.82,11.98,11.69,11.81,2088261.0,11.89,-0.08,-0.0067,2023-05-25
4689,sz300797,16.81,16.91,16.65,16.83,1112041.0,16.8,0.03,0.0018,2023-05-25
4690,sz300798,6.9,6.91,6.74,6.83,1662200.0,6.88,-0.05,-0.0073,2023-05-25
4691,sz300799,261.8,266.66,257.5,257.99,275000.0,257.9,0.09,0.0003,2023-05-25
4692,sz300800,13.32,13.39,13.08,13.23,1645550.0,13.33,-0.1,-0.0075,2023-05-25
4693,sz300801,18.15,18.24,17.86,18.06,1164300.0,18.28,-0.22,-0.012,2023-05-25
4694,sz300802,22.89,23.26,22.59,22.92,4584601.0,23.08,-0.16,-0.0069,2023-05-25
4695,sz300803,46.35,46.78,45.8,46.62,4283330.0,46.06,0.56,0.0122,2023-05-25
4696,sz300805,8.67,8.83,8.12,8.29,12270400.0,8.77,-0.48,-0.0547,2023-05-25
4697,sz300806,26.49,27.4,26.28,27.05,3142756.0,26.35,0.7,0.0266,2023-05-25
4698,sz300807,25.12,25.48,24.91,25.3,1172600.0,24.95,0.35,0.014,2023-05-25
4699,sz300808,14.19,14.37,14.07,14.24,872500.0,14.19,0.05,0.0035,2023-05-25
4700,sz300809,21.71,22.27,21.38,21.74,3152440.0,21.8,-0.06,-0.0028,2023-05-25
4701,sz300810,22.8,24.08,22.72,23.89,8501531.0,22.9,0.99,0.0432,2023-05-25
4702,sz300811,97.0,99.98,95.69,97.5,1353192.0,95.0,2.5,0.0263,2023-05-25
4703,sz300812,23.01,23.18,21.74,21.91,8059040.0,22.64,-0.73,-0.0322,2023-05-25
4704,sz300813,29.38,29.8,29.02,29.55,1169998.0,29.55,0.0,0.0,2023-05-25
4705,sz300814,20.13,20.85,19.83,20.28,2797693.0,20.05,0.23,0.0115,2023-05-25
4706,sz300815,19.09,19.33,18.83,19.04,2888287.0,19.01,0.03,0.0016,2023-05-25
4707,sz300816,28.37,28.97,27.84,28.75,2403000.0,28.36,0.39,0.0138,2023-05-25
4708,sz300817,16.2,16.2,15.9,16.19,894350.0,16.09,0.1,0.0062,2023-05-25
4709,sz300818,23.2,23.4,22.78,23.25,912450.0,23.12,0.13,0.0056,2023-05-25
4710,sz300819,13.83,13.94,13.71,13.91,805900.0,13.81,0.1,0.0072,2023-05-25
4711,sz300820,108.3,112.05,107.5,109.2,1503562.0,108.29,0.91,0.0084,2023-05-25
4712,sz300821,10.32,10.32,10.08,10.17,3823898.0,10.26,-0.09,-0.0088,2023-05-25
4713,sz300822,19.55,21.5,19.51,20.2,8279678.0,19.77,0.43,0.0218,2023-05-25
4714,sz300823,18.92,19.05,18.65,18.84,992404.0,18.91,-0.07,-0.0037,2023-05-25
4715,sz300824,10.28,10.35,10.02,10.31,3469075.0,10.28,0.03,0.0029,2023-05-25
4716,sz300825,12.25,12.39,12.07,12.24,3090100.0,12.21,0.03,0.0025,2023-05-25
4717,sz300826,14.66,15.34,14.1,14.4,10544884.0,15.12,-0.72,-0.0476,2023-05-25
4718,sz300827,49.19,51.29,49.19,50.35,9815067.0,49.64,0.71,0.0143,2023-05-25
4719,sz300828,14.05,14.23,13.92,14.23,2065900.0,13.99,0.24,0.0172,2023-05-25
4720,sz300829,20.88,21.21,20.85,21.1,789960.0,21.01,0.09,0.0043,2023-05-25
4721,sz300830,9.16,9.38,8.96,9.09,6094500.0,9.17,-0.08,-0.0087,2023-05-25
4722,sz300831,13.38,13.68,13.25,13.46,3781209.0,13.36,0.1,0.0075,2023-05-25
4723,sz300832,60.5,60.5,59.0,59.26,2533054.0,60.21,-0.95,-0.0158,2023-05-25
4724,sz300833,110.23,110.94,107.05,109.47,151000.0,109.5,-0.03,-0.0003,2023-05-25
4725,sz300834,24.25,24.37,24.01,24.18,424168.0,24.32,-0.14,-0.0058,2023-05-25
4726,sz300835,30.18,30.62,30.0,30.38,1770883.0,30.18,0.2,0.0066,2023-05-25
4727,sz300836,30.8,31.0,29.25,29.8,9330676.0,32.7,-2.9,-0.0887,2023-05-25
4728,sz300837,43.46,43.95,42.79,43.01,247807.0,43.3,-0.29,-0.0067,2023-05-25
4729,sz300838,18.1,18.58,17.9,18.45,3532900.0,17.81,0.64,0.0359,2023-05-25
4730,sz300839,13.85,13.97,13.53,13.77,2279500.0,13.82,-0.05,-0.0036,2023-05-25
4731,sz300840,12.46,12.46,11.55,11.92,11110884.0,12.37,-0.45,-0.0364,2023-05-25
4732,sz300841,83.0,83.26,81.7,83.2,376145.0,83.03,0.17,0.002,2023-05-25
4733,sz300842,70.88,85.2,70.0,85.2,13621130.0,71.0,14.2,0.2,2023-05-25
4734,sz300843,19.6,20.04,19.6,19.92,1536000.0,19.65,0.27,0.0137,2023-05-25
4735,sz300844,30.39,30.39,29.31,29.85,752073.0,30.3,-0.45,-0.0149,2023-05-25
4736,sz300845,19.68,19.96,18.98,19.4,3487850.0,19.7,-0.3,-0.0152,2023-05-25
4737,sz300846,15.01,15.12,13.84,14.25,34946409.0,14.54,-0.29,-0.0199,2023-05-25
4738,sz300847,20.86,23.19,20.86,22.42,41660673.0,21.03,1.39,0.0661,2023-05-25
4739,sz300848,35.7,35.86,34.76,35.2,733900.0,35.48,-0.28,-0.0079,2023-05-25
4740,sz300849,11.42,11.48,11.31,11.43,738594.0,11.39,0.04,0.0035,2023-05-25
4741,sz300850,39.4,41.44,39.4,40.84,7742581.0,39.59,1.25,0.0316,2023-05-25
4742,sz300851,25.82,26.4,25.19,25.69,1378500.0,25.81,-0.12,-0.0046,2023-05-25
4743,sz300852,40.99,42.48,40.08,40.9,2701541.0,40.48,0.42,0.0104,2023-05-25
4744,sz300853,33.17,33.67,32.5,33.18,3509298.0,33.76,-0.58,-0.0172,2023-05-25
4745,sz300854,16.18,16.28,15.93,16.28,857100.0,16.19,0.09,0.0056,2023-05-25
4746,sz300855,47.44,47.78,46.38,47.11,1303029.0,47.2,-0.09,-0.0019,2023-05-25
4747,sz300856,73.4,76.4,71.71,73.25,2237748.0,72.12,1.13,0.0157,2023-05-25
4748,sz300857,26.9,27.6,26.12,27.02,5354067.0,26.6,0.42,0.0158,2023-05-25
4749,sz300858,26.7,26.7,26.13,26.44,1109580.0,26.7,-0.26,-0.0097,2023-05-25
4750,sz300859,23.56,23.78,23.2,23.43,2880989.0,23.75,-0.32,-0.0135,2023-05-25
4751,sz300860,59.8,61.48,57.85,58.91,1296680.0,60.19,-1.28,-0.0213,2023-05-25
4752,sz300861,46.19,47.88,45.91,47.46,4447460.0,46.19,1.27,0.0275,2023-05-25
4753,sz300862,27.09,27.3,26.56,26.81,666100.0,27.23,-0.42,-0.0154,2023-05-25
4754,sz300863,88.03,92.0,87.44,91.35,1187918.0,88.18,3.17,0.0359,2023-05-25
4755,sz300864,23.17,23.5,22.89,23.5,1462175.0,23.33,0.17,0.0073,2023-05-25
4756,sz300865,20.87,21.09,20.56,20.97,1176356.0,20.92,0.05,0.0024,2023-05-25
4757,sz300866,71.18,71.97,69.9,70.98,2254307.0,70.95,0.03,0.0004,2023-05-25
4758,sz300867,17.85,18.25,17.84,18.19,1929526.0,17.9,0.29,0.0162,2023-05-25
4759,sz300868,18.17,18.24,17.8,18.02,1391100.0,18.03,-0.01,-0.0006,2023-05-25
4760,sz300869,25.12,25.12,24.4,24.71,4690788.0,25.08,-0.37,-0.0148,2023-05-25
4761,sz300870,69.0,71.8,64.0,66.45,2133611.0,67.03,-0.58,-0.0087,2023-05-25
4762,sz300871,17.81,17.81,17.2,17.4,1793944.0,17.74,-0.34,-0.0192,2023-05-25
4763,sz300872,15.43,15.7,14.98,15.22,7230408.0,15.44,-0.22,-0.0142,2023-05-25
4764,sz300873,21.41,21.64,21.11,21.54,1653377.0,21.54,0.0,0.0,2023-05-25
4765,sz300875,37.33,39.23,37.1,38.22,3764805.0,37.29,0.93,0.0249,2023-05-25
4766,sz300876,26.04,26.25,25.7,25.92,387000.0,26.03,-0.11,-0.0042,2023-05-25
4767,sz300877,16.73,17.5,16.57,17.24,3187590.0,16.76,0.48,0.0286,2023-05-25
4768,sz300878,23.98,24.11,23.56,23.84,906520.0,24.0,-0.16,-0.0067,2023-05-25
4769,sz300879,17.16,17.4,17.0,17.25,1540956.0,17.3,-0.05,-0.0029,2023-05-25
4770,sz300880,24.23,26.06,23.65,25.47,27594163.0,24.35,1.12,0.046,2023-05-25
4771,sz300881,38.95,39.61,37.8,39.27,991591.0,38.8,0.47,0.0121,2023-05-25
4772,sz300882,29.3,30.82,28.87,29.64,22849659.0,30.9,-1.26,-0.0408,2023-05-25
4773,sz300883,6.19,6.21,6.09,6.15,2983431.0,6.2,-0.05,-0.0081,2023-05-25
4774,sz300884,13.95,14.19,13.67,13.99,5519710.0,13.85,0.14,0.0101,2023-05-25
4775,sz300885,9.51,9.59,9.35,9.53,3067850.0,9.49,0.04,0.0042,2023-05-25
4776,sz300886,23.49,23.73,23.42,23.68,523370.0,23.5,0.18,0.0077,2023-05-25
4777,sz300887,38.01,38.32,37.71,38.09,672949.0,38.01,0.08,0.0021,2023-05-25
4778,sz300888,59.39,59.95,58.61,59.09,1126264.0,59.59,-0.5,-0.0084,2023-05-25
4779,sz300889,14.64,14.92,14.5,14.86,2131846.0,14.6,0.26,0.0178,2023-05-25
4780,sz300890,39.82,41.12,39.82,41.08,2430810.0,40.14,0.94,0.0234,2023-05-25
4781,sz300891,9.89,9.95,9.75,9.86,1379194.0,9.95,-0.09,-0.009,2023-05-25
4782,sz300892,23.05,23.28,22.65,22.9,508616.0,23.05,-0.15,-0.0065,2023-05-25
4783,sz300893,23.57,23.57,22.96,23.27,1057657.0,23.09,0.18,0.0078,2023-05-25
4784,sz300894,25.03,25.34,24.52,24.86,1477981.0,25.27,-0.41,-0.0162,2023-05-25
4785,sz300895,33.3,34.69,32.5,33.39,3478222.0,33.36,0.03,0.0009,2023-05-25
4786,sz300896,480.69,480.69,470.83,475.76,1441699.0,480.69,-4.93,-0.0103,2023-05-25
4787,sz300897,36.38,37.91,35.74,35.97,4638971.0,38.3,-2.33,-0.0608,2023-05-25
4788,sz300898,21.17,21.17,20.46,20.78,2082550.0,21.19,-0.41,-0.0193,2023-05-25
4789,sz300899,23.85,24.15,23.41,24.11,1073121.0,23.89,0.22,0.0092,2023-05-25
4790,sz300900,28.24,28.94,28.17,28.5,1779054.0,28.41,0.09,0.0032,2023-05-25
4791,sz300901,11.14,12.97,11.03,12.46,23021297.0,11.17,1.29,0.1155,2023-05-25
4792,sz300902,34.53,35.16,34.25,34.62,865502.0,34.53,0.09,0.0026,2023-05-25
4793,sz300903,9.7,9.85,9.56,9.76,9882875.0,9.67,0.09,0.0093,2023-05-25
4794,sz300905,16.69,16.85,16.4,16.57,494815.0,16.71,-0.14,-0.0084,2023-05-25
4795,sz300906,24.95,25.35,24.62,25.18,1377429.0,24.84,0.34,0.0137,2023-05-25
4796,sz300907,19.8,20.09,19.79,19.94,740700.0,19.99,-0.05,-0.0025,2023-05-25
4797,sz300908,47.43,48.2,46.68,47.05,581222.0,47.67,-0.62,-0.013,2023-05-25
4798,sz300909,27.45,27.88,27.16,27.66,910750.0,27.65,0.01,0.0004,2023-05-25
4799,sz300910,58.19,59.68,57.63,58.69,1409710.0,58.68,0.01,0.0002,2023-05-25
4800,sz300911,37.2,37.2,35.88,36.3,3336783.0,37.33,-1.03,-0.0276,2023-05-25
4801,sz300912,21.67,22.1,20.92,21.5,6983301.0,21.93,-0.43,-0.0196,2023-05-25
4802,sz300913,32.06,32.92,29.47,30.33,11681230.0,29.6,0.73,0.0247,2023-05-25
4803,sz300915,39.02,39.25,38.5,39.0,265450.0,39.42,-0.42,-0.0107,2023-05-25
4804,sz300916,45.88,48.28,45.2,48.0,4629005.0,46.9,1.1,0.0235,2023-05-25
4805,sz300917,22.43,23.14,22.16,23.11,2900078.0,22.49,0.62,0.0276,2023-05-25
4806,sz300918,12.59,12.75,12.38,12.67,3556393.0,12.54,0.13,0.0104,2023-05-25
4807,sz300919,60.8,61.49,60.15,60.7,2302284.0,60.63,0.07,0.0012,2023-05-25
4808,sz300920,16.9,17.1,16.66,17.02,565700.0,16.88,0.14,0.0083,2023-05-25
4809,sz300921,22.2,22.7,21.68,22.32,4468774.0,22.02,0.3,0.0136,2023-05-25
4810,sz300922,18.03,21.78,18.03,21.42,34841481.0,18.15,3.27,0.1802,2023-05-25
4811,sz300923,21.99,22.52,21.97,22.26,426900.0,22.26,0.0,0.0,2023-05-25
4812,sz300925,13.97,14.15,13.68,13.98,4888907.0,13.97,0.01,0.0007,2023-05-25
4813,sz300926,32.3,33.28,32.05,32.73,2234377.0,32.38,0.35,0.0108,2023-05-25
4814,sz300927,16.28,16.45,16.03,16.21,861965.0,16.32,-0.11,-0.0067,2023-05-25
4815,sz300928,36.59,36.84,35.9,36.31,677442.0,36.45,-0.14,-0.0038,2023-05-25
4816,sz300929,11.74,11.85,11.64,11.84,1592663.0,11.75,0.09,0.0077,2023-05-25
4817,sz300930,25.6,25.96,24.89,25.26,976757.0,25.28,-0.02,-0.0008,2023-05-25
4818,sz300931,7.34,7.39,7.27,7.36,2376000.0,7.34,0.02,0.0027,2023-05-25
4819,sz300932,15.61,15.93,15.61,15.81,1859844.0,15.66,0.15,0.0096,2023-05-25
4820,sz300933,7.96,8.16,7.91,8.08,5511593.0,7.93,0.15,0.0189,2023-05-25
4821,sz300935,31.16,31.36,30.16,31.15,1128903.0,31.16,-0.01,-0.0003,2023-05-25
4822,sz300936,30.87,32.09,30.87,31.5,1631020.0,30.72,0.78,0.0254,2023-05-25
4823,sz300937,32.71,32.91,31.77,32.2,4190668.0,32.9,-0.7,-0.0213,2023-05-25
4824,sz300938,41.2,41.86,40.33,41.08,536709.0,41.36,-0.28,-0.0068,2023-05-25
4825,sz300939,31.9,32.43,31.27,31.99,2944254.0,32.08,-0.09,-0.0028,2023-05-25
4826,sz300940,17.89,18.1,17.33,17.65,1774940.0,18.0,-0.35,-0.0194,2023-05-25
4827,sz300941,20.99,21.3,20.4,20.86,2632150.0,21.1,-0.24,-0.0114,2023-05-25
4828,sz300942,13.51,13.56,13.31,13.36,1631682.0,13.5,-0.14,-0.0104,2023-05-25
4829,sz300943,18.01,18.2,17.3,17.8,19390001.0,18.0,-0.2,-0.0111,2023-05-25
4830,sz300945,14.55,15.18,14.53,14.94,5429504.0,14.62,0.32,0.0219,2023-05-25
4831,sz300946,32.21,32.85,32.16,32.61,768841.0,32.54,0.07,0.0022,2023-05-25
4832,sz300947,13.95,14.03,13.58,13.8,1393083.0,13.95,-0.15,-0.0108,2023-05-25
4833,sz300948,14.4,14.49,14.23,14.44,1774440.0,14.47,-0.03,-0.0021,2023-05-25
4834,sz300949,38.9,39.6,38.36,38.95,1673245.0,39.2,-0.25,-0.0064,2023-05-25
4835,sz300950,20.77,20.77,19.95,20.18,4760697.0,20.46,-0.28,-0.0137,2023-05-25
4836,sz300951,51.85,52.5,50.86,51.69,539870.0,51.85,-0.16,-0.0031,2023-05-25
4837,sz300952,20.67,21.14,20.6,20.85,1656570.0,20.63,0.22,0.0107,2023-05-25
4838,sz300953,74.24,75.75,74.08,74.4,366300.0,74.72,-0.32,-0.0043,2023-05-25
4839,sz300955,22.0,22.26,21.58,21.92,523600.0,22.1,-0.18,-0.0081,2023-05-25
4840,sz300956,14.82,15.82,14.73,15.61,4200488.0,14.88,0.73,0.0491,2023-05-25
4841,sz300957,103.03,103.78,101.57,102.78,1193939.0,103.3,-0.52,-0.005,2023-05-25
4842,sz300958,17.86,18.13,17.75,18.09,979343.0,17.86,0.23,0.0129,2023-05-25
4843,sz300959,37.06,39.35,37.06,38.56,4116997.0,37.42,1.14,0.0305,2023-05-25
4844,sz300960,19.45,19.71,19.3,19.71,1129713.0,19.45,0.26,0.0134,2023-05-25
4845,sz300961,10.87,11.14,10.62,10.75,4176594.0,10.98,-0.23,-0.0209,2023-05-25
4846,sz300962,17.12,17.52,17.05,17.31,1545394.0,17.2,0.11,0.0064,2023-05-25
4847,sz300963,19.52,19.87,19.25,19.67,2746998.0,19.68,-0.01,-0.0005,2023-05-25
4848,sz300964,45.2,45.87,42.45,44.4,6884164.0,46.09,-1.69,-0.0367,2023-05-25
4849,sz300965,45.1,46.12,45.1,45.69,233345.0,45.33,0.36,0.0079,2023-05-25
4850,sz300966,24.24,24.46,23.88,24.11,1554600.0,24.38,-0.27,-0.0111,2023-05-25
4851,sz300967,15.77,15.77,15.25,15.41,1986666.0,15.69,-0.28,-0.0178,2023-05-25
4852,sz300968,8.04,8.12,7.94,8.03,3254600.0,8.06,-0.03,-0.0037,2023-05-25
4853,sz300969,63.26,65.6,63.0,63.68,1757264.0,63.13,0.55,0.0087,2023-05-25
4854,sz300970,23.01,23.38,22.74,22.97,3501002.0,23.24,-0.27,-0.0116,2023-05-25
4855,sz300971,25.35,26.24,25.01,25.48,3191616.0,25.33,0.15,0.0059,2023-05-25
4856,sz300972,43.39,44.6,41.81,42.9,4326463.0,43.92,-1.02,-0.0232,2023-05-25
4857,sz300973,78.69,79.79,77.01,78.52,1087419.0,79.1,-0.58,-0.0073,2023-05-25
4858,sz300975,6.56,6.83,6.54,6.67,8138305.0,6.57,0.1,0.0152,2023-05-25
4859,sz300976,48.78,49.25,47.8,48.5,650440.0,48.08,0.42,0.0087,2023-05-25
4860,sz300977,24.68,24.75,24.18,24.6,694960.0,24.68,-0.08,-0.0032,2023-05-25
4861,sz300978,13.0,13.18,12.68,12.88,5305111.0,13.12,-0.24,-0.0183,2023-05-25
4862,sz300979,43.29,43.59,40.25,41.2,6772310.0,43.18,-1.98,-0.0459,2023-05-25
4863,sz300980,19.7,20.08,19.6,19.9,818555.0,19.74,0.16,0.0081,2023-05-25
4864,sz300981,23.32,23.7,22.62,22.92,1689168.0,23.32,-0.4,-0.0172,2023-05-25
4865,sz300982,62.04,64.5,62.0,63.5,2358831.0,61.86,1.64,0.0265,2023-05-25
4866,sz300983,32.77,32.8,32.1,32.76,1671940.0,33.24,-0.48,-0.0144,2023-05-25
4867,sz300984,24.16,24.48,23.97,24.22,1417952.0,24.13,0.09,0.0037,2023-05-25
4868,sz300985,25.55,27.13,25.15,26.75,5473435.0,25.71,1.04,0.0405,2023-05-25
4869,sz300986,30.59,31.41,30.52,31.1,1019063.0,30.61,0.49,0.016,2023-05-25
4870,sz300987,19.63,19.98,18.8,19.09,6717922.0,19.89,-0.8,-0.0402,2023-05-25
4871,sz300988,20.6,21.18,20.5,21.12,2460436.0,20.81,0.31,0.0149,2023-05-25
4872,sz300989,23.51,25.98,23.36,25.04,4313989.0,23.24,1.8,0.0775,2023-05-25
4873,sz300990,83.03,92.5,83.03,86.9,1860526.0,83.56,3.34,0.04,2023-05-25
4874,sz300991,13.6,14.03,13.58,13.87,3505818.0,13.61,0.26,0.0191,2023-05-25
4875,sz300992,19.2,19.35,19.0,19.35,836000.0,19.23,0.12,0.0062,2023-05-25
4876,sz300993,11.13,11.25,10.96,11.21,3261708.0,11.18,0.03,0.0027,2023-05-25
4877,sz300994,19.32,19.56,19.18,19.54,803400.0,19.52,0.02,0.001,2023-05-25
4878,sz300995,19.3,19.45,19.04,19.39,590859.0,19.22,0.17,0.0088,2023-05-25
4879,sz300996,31.26,31.88,30.2,30.82,1172592.0,31.25,-0.43,-0.0138,2023-05-25
4880,sz300997,14.37,14.47,13.96,14.19,4608326.0,14.49,-0.3,-0.0207,2023-05-25
4881,sz300998,34.0,34.04,32.8,33.3,954298.0,33.7,-0.4,-0.0119,2023-05-25
4882,sz300999,40.57,40.59,39.91,40.25,6506713.0,40.7,-0.45,-0.0111,2023-05-25
4883,sz301000,31.01,31.48,30.9,31.19,471780.0,31.15,0.04,0.0013,2023-05-25
4884,sz301001,29.0,29.15,27.2,27.57,7909527.0,29.49,-1.92,-0.0651,2023-05-25
4885,sz301002,21.25,21.25,20.63,20.91,882310.0,20.87,0.04,0.0019,2023-05-25
4886,sz301003,23.33,23.35,22.9,23.15,391940.0,23.23,-0.08,-0.0034,2023-05-25
4887,sz301004,32.31,32.37,31.36,31.85,1257200.0,32.52,-0.67,-0.0206,2023-05-25
4888,sz301005,24.95,25.07,24.56,24.93,607803.0,24.84,0.09,0.0036,2023-05-25
4889,sz301006,25.77,26.36,23.78,26.36,2975324.0,25.91,0.45,0.0174,2023-05-25
4890,sz301007,12.83,14.4,12.75,14.0,20554419.0,13.0,1.0,0.0769,2023-05-25
4891,sz301008,27.24,27.4,26.78,27.05,522446.0,27.24,-0.19,-0.007,2023-05-25
4892,sz301009,12.24,12.37,12.03,12.21,1984621.0,12.3,-0.09,-0.0073,2023-05-25
4893,sz301010,20.5,22.22,20.5,22.09,6646296.0,20.76,1.33,0.0641,2023-05-25
4894,sz301011,31.24,31.7,30.31,30.64,1602820.0,31.1,-0.46,-0.0148,2023-05-25
4895,sz301012,23.92,26.77,23.76,26.14,8129755.0,23.62,2.52,0.1067,2023-05-25
4896,sz301013,12.81,13.23,12.7,12.87,6879595.0,12.88,-0.01,-0.0008,2023-05-25
4897,sz301015,28.03,28.39,27.02,27.42,2616108.0,27.78,-0.36,-0.013,2023-05-25
4898,sz301016,19.6,19.63,19.26,19.41,637622.0,19.46,-0.05,-0.0026,2023-05-25
4899,sz301017,18.43,18.57,18.25,18.32,1218800.0,18.5,-0.18,-0.0097,2023-05-25
4900,sz301018,35.0,35.87,34.33,35.77,5657304.0,34.46,1.31,0.038,2023-05-25
4901,sz301019,20.9,20.9,20.51,20.87,482750.0,20.85,0.02,0.001,2023-05-25
4902,sz301020,20.48,20.81,20.36,20.57,728005.0,20.58,-0.01,-0.0005,2023-05-25
4903,sz301021,24.77,26.26,24.58,25.97,4245627.0,24.89,1.08,0.0434,2023-05-25
4904,sz301022,32.11,32.55,31.62,32.05,523500.0,32.25,-0.2,-0.0062,2023-05-25
4905,sz301023,43.9,43.9,42.63,43.36,1184300.0,43.48,-0.12,-0.0028,2023-05-25
4906,sz301024,24.71,25.33,24.67,25.0,495440.0,24.94,0.06,0.0024,2023-05-25
4907,sz301025,12.91,13.1,12.38,12.62,11746015.0,13.08,-0.46,-0.0352,2023-05-25
4908,sz301026,40.15,40.39,39.45,39.73,659300.0,40.15,-0.42,-0.0105,2023-05-25
4909,sz301027,12.64,12.97,12.6,12.91,1715500.0,12.68,0.23,0.0181,2023-05-25
4910,sz301028,10.95,11.04,10.73,10.9,3083871.0,10.9,0.0,0.0,2023-05-25
4911,sz301029,44.29,44.96,43.8,44.2,1849910.0,44.5,-0.3,-0.0067,2023-05-25
4912,sz301030,48.14,53.85,48.14,52.1,16214809.0,46.71,5.39,0.1154,2023-05-25
4913,sz301031,128.94,134.3,128.43,132.5,488300.0,129.4,3.1,0.024,2023-05-25
4914,sz301032,8.32,8.44,8.24,8.42,1663701.0,8.32,0.1,0.012,2023-05-25
4915,sz301033,42.9,43.9,41.8,42.3,605900.0,43.37,-1.07,-0.0247,2023-05-25
4916,sz301035,77.07,78.5,75.57,78.03,1034434.0,78.0,0.03,0.0004,2023-05-25
4917,sz301036,18.89,19.19,18.7,19.19,1122744.0,19.01,0.18,0.0095,2023-05-25
4918,sz301037,16.99,17.39,16.8,17.07,914602.0,16.95,0.12,0.0071,2023-05-25
4919,sz301038,17.4,18.15,17.33,17.5,6959868.0,17.57,-0.07,-0.004,2023-05-25
4920,sz301039,11.98,12.15,11.8,11.94,9467140.0,12.03,-0.09,-0.0075,2023-05-25
4921,sz301040,21.2,21.4,20.88,21.29,1435841.0,20.91,0.38,0.0182,2023-05-25
4922,sz301041,26.38,26.38,26.38,26.38,9820099.0,21.98,4.4,0.2002,2023-05-25
4923,sz301042,31.98,31.99,31.21,31.61,771658.0,31.75,-0.14,-0.0044,2023-05-25
4924,sz301043,29.84,30.22,29.18,29.44,981200.0,29.84,-0.4,-0.0134,2023-05-25
4925,sz301045,24.66,25.16,23.69,24.45,3323508.0,24.96,-0.51,-0.0204,2023-05-25
4926,sz301046,32.47,35.6,32.47,34.15,9637479.0,32.59,1.56,0.0479,2023-05-25
4927,sz301047,94.19,94.73,93.08,94.18,366044.0,94.63,-0.45,-0.0048,2023-05-25
4928,sz301048,11.05,11.48,11.02,11.48,11485600.0,11.2,0.28,0.025,2023-05-25
4929,sz301049,20.82,21.29,20.61,20.95,904100.0,20.8,0.15,0.0072,2023-05-25
4930,sz301050,70.18,70.64,69.25,70.17,2362284.0,70.27,-0.1,-0.0014,2023-05-25
4931,sz301051,85.68,87.18,84.01,86.07,1337534.0,85.95,0.12,0.0014,2023-05-25
4932,sz301052,61.01,64.43,55.67,56.66,4997186.0,61.35,-4.69,-0.0764,2023-05-25
4933,sz301053,28.75,29.37,26.0,26.84,7575364.0,27.43,-0.59,-0.0215,2023-05-25
4934,sz301055,13.9,14.05,13.8,14.05,955741.0,13.92,0.13,0.0093,2023-05-25
4935,sz301056,8.95,8.97,8.78,8.85,4947878.0,9.0,-0.15,-0.0167,2023-05-25
4936,sz301057,18.89,19.12,18.55,18.89,2651200.0,18.82,0.07,0.0037,2023-05-25
4937,sz301058,14.16,14.41,14.07,14.37,3997630.0,14.21,0.16,0.0113,2023-05-25
4938,sz301059,13.98,13.98,13.68,13.91,2079573.0,13.93,-0.02,-0.0014,2023-05-25
4939,sz301060,17.59,17.59,16.81,17.15,8392694.0,17.39,-0.24,-0.0138,2023-05-25
4940,sz301061,34.89,36.28,34.8,35.59,961901.0,35.18,0.41,0.0117,2023-05-25
4941,sz301062,9.14,9.26,8.89,9.05,3068700.0,9.08,-0.03,-0.0033,2023-05-25
4942,sz301063,28.5,28.89,28.15,28.86,1718008.0,28.28,0.58,0.0205,2023-05-25
4943,sz301065,32.51,32.8,32.08,32.38,357717.0,32.8,-0.42,-0.0128,2023-05-25
4944,sz301066,15.87,17.3,15.55,16.78,11955044.0,15.85,0.93,0.0587,2023-05-25
4945,sz301067,21.25,22.1,21.09,22.1,1838551.0,21.27,0.83,0.039,2023-05-25
4946,sz301068,40.01,40.74,39.95,40.72,412700.0,40.45,0.27,0.0067,2023-05-25
4947,sz301069,23.6,24.06,23.4,23.64,1323712.0,23.74,-0.1,-0.0042,2023-05-25
4948,sz301070,37.5,37.88,36.52,36.72,701100.0,37.56,-0.84,-0.0224,2023-05-25
4949,sz301071,81.89,82.44,80.27,81.2,1682990.0,81.75,-0.55,-0.0067,2023-05-25
4950,sz301072,22.5,24.07,22.41,23.9,4287653.0,22.94,0.96,0.0418,2023-05-25
4951,sz301073,54.36,54.99,53.73,54.27,1145969.0,54.75,-0.48,-0.0088,2023-05-25
4952,sz301075,25.97,26.38,25.34,25.66,1098448.0,25.99,-0.33,-0.0127,2023-05-25
4953,sz301076,20.14,20.48,20.0,20.27,990239.0,20.27,0.0,0.0,2023-05-25
4954,sz301077,22.15,22.45,22.03,22.21,450000.0,22.2,0.01,0.0005,2023-05-25
4955,sz301078,11.58,11.71,10.99,11.17,29483166.0,11.59,-0.42,-0.0362,2023-05-25
4956,sz301079,18.49,19.38,18.4,18.87,2288581.0,18.57,0.3,0.0162,2023-05-25
4957,sz301080,96.99,97.6,94.6,95.46,300966.0,96.55,-1.09,-0.0113,2023-05-25
4958,sz301081,12.35,12.79,12.3,12.63,2217444.0,12.34,0.29,0.0235,2023-05-25
4959,sz301082,18.53,19.72,18.25,19.03,8713751.0,18.5,0.53,0.0286,2023-05-25
4960,sz301083,23.0,25.27,22.77,25.27,15530835.0,21.06,4.21,0.1999,2023-05-25
4961,sz301085,39.9,42.31,39.9,41.5,3313278.0,40.38,1.12,0.0277,2023-05-25
4962,sz301086,70.01,71.1,69.81,70.65,345703.0,70.44,0.21,0.003,2023-05-25
4963,sz301087,48.99,48.99,47.55,48.3,891641.0,48.12,0.18,0.0037,2023-05-25
4964,sz301088,17.47,17.85,17.03,17.65,4422644.0,17.45,0.2,0.0115,2023-05-25
4965,sz301089,82.0,86.18,80.11,84.21,9786656.0,82.77,1.44,0.0174,2023-05-25
4966,sz301090,10.55,10.7,10.55,10.65,3365092.0,10.6,0.05,0.0047,2023-05-25
4967,sz301091,25.8,27.44,25.8,26.88,5903984.0,25.75,1.13,0.0439,2023-05-25
4968,sz301092,26.66,26.81,26.2,26.81,781026.0,26.58,0.23,0.0087,2023-05-25
4969,sz301093,32.18,32.47,31.65,31.99,748700.0,32.17,-0.18,-0.0056,2023-05-25
4970,sz301095,90.1,90.69,87.11,88.32,1815454.0,90.03,-1.71,-0.019,2023-05-25
4971,sz301096,63.29,63.56,61.98,62.53,878848.0,63.63,-1.1,-0.0173,2023-05-25
4972,sz301097,50.11,50.12,49.25,49.5,169900.0,50.14,-0.64,-0.0128,2023-05-25
4973,sz301098,11.87,12.43,11.7,12.28,8336884.0,11.92,0.36,0.0302,2023-05-25
4974,sz301099,50.0,51.21,49.3,50.52,2551045.0,50.0,0.52,0.0104,2023-05-25
4975,sz301100,20.97,21.19,20.87,21.07,981070.0,20.97,0.1,0.0048,2023-05-25
4976,sz301101,45.36,46.3,45.28,45.81,1131875.0,45.71,0.1,0.0022,2023-05-25
4977,sz301102,32.72,32.95,32.07,32.44,488512.0,32.82,-0.38,-0.0116,2023-05-25
4978,sz301103,43.24,45.19,43.18,44.93,3558730.0,43.44,1.49,0.0343,2023-05-25
4979,sz301105,35.48,36.6,35.44,36.06,470805.0,35.53,0.53,0.0149,2023-05-25
4980,sz301106,33.25,33.63,32.93,33.58,688300.0,33.08,0.5,0.0151,2023-05-25
4981,sz301107,29.25,31.55,29.25,30.8,2536206.0,29.82,0.98,0.0329,2023-05-25
4982,sz301108,35.64,35.64,34.7,35.37,516309.0,35.64,-0.27,-0.0076,2023-05-25
4983,sz301109,17.74,17.89,17.5,17.82,1783362.0,17.74,0.08,0.0045,2023-05-25
4984,sz301110,59.94,62.0,57.36,57.73,5981242.0,62.16,-4.43,-0.0713,2023-05-25
4985,sz301111,20.58,20.85,20.36,20.57,2220077.0,20.84,-0.27,-0.013,2023-05-25
4986,sz301112,36.5,38.3,35.63,37.37,11038233.0,38.98,-1.61,-0.0413,2023-05-25
4987,sz301113,27.2,27.59,27.0,27.5,529800.0,27.35,0.15,0.0055,2023-05-25
4988,sz301115,23.27,23.43,23.0,23.41,758267.0,23.29,0.12,0.0052,2023-05-25
4989,sz301116,15.42,15.56,15.16,15.32,4242197.0,15.68,-0.36,-0.023,2023-05-25
4990,sz301117,60.38,60.69,58.39,59.14,954518.0,60.49,-1.35,-0.0223,2023-05-25
4991,sz301118,26.57,26.61,26.02,26.48,939280.0,26.55,-0.07,-0.0026,2023-05-25
4992,sz301119,30.7,32.93,30.23,31.8,3516899.0,30.87,0.93,0.0301,2023-05-25
4993,sz301120,21.94,23.43,21.75,22.3,19364902.0,22.3,0.0,0.0,2023-05-25
4994,sz301121,48.1,48.5,47.45,48.38,599160.0,47.55,0.83,0.0175,2023-05-25
4995,sz301122,34.98,34.98,34.16,34.6,327006.0,34.88,-0.28,-0.008,2023-05-25
4996,sz301123,23.27,23.64,23.13,23.64,2092191.0,23.22,0.42,0.0181,2023-05-25
4997,sz301125,33.5,37.5,30.22,35.22,13645172.0,31.26,3.96,0.1267,2023-05-25
4998,sz301126,14.01,14.18,13.9,14.05,1703709.0,14.12,-0.07,-0.005,2023-05-25
4999,sz301127,10.1,10.21,10.03,10.2,2415194.0,10.12,0.08,0.0079,2023-05-25
5000,sz301128,33.79,36.52,33.5,35.72,4346117.0,33.35,2.37,0.0711,2023-05-25
5001,sz301129,74.69,74.8,72.3,74.42,481000.0,74.77,-0.35,-0.0047,2023-05-25
5002,sz301130,28.42,28.42,27.59,27.99,645881.0,28.17,-0.18,-0.0064,2023-05-25
5003,sz301131,40.09,41.32,39.4,40.38,1805927.0,40.89,-0.51,-0.0125,2023-05-25
5004,sz301132,27.33,29.2,26.98,27.58,3540847.0,27.33,0.25,0.0091,2023-05-25
5005,sz301133,23.29,24.58,23.22,24.42,2464858.0,23.42,1.0,0.0427,2023-05-25
5006,sz301135,26.15,27.45,25.61,27.45,7086732.0,27.19,0.26,0.0096,2023-05-25
5007,sz301136,13.59,13.87,13.46,13.68,2986080.0,13.64,0.04,0.0029,2023-05-25
5008,sz301137,16.54,16.58,16.01,16.4,5085279.0,16.64,-0.24,-0.0144,2023-05-25
5009,sz301138,35.5,35.8,33.61,34.5,8277105.0,36.01,-1.51,-0.0419,2023-05-25
5010,sz301139,28.38,28.57,27.8,28.3,841714.0,28.26,0.04,0.0014,2023-05-25
5011,sz301141,38.5,41.65,38.28,40.51,4836229.0,38.69,1.82,0.047,2023-05-25
5012,sz301148,22.23,22.34,22.04,22.28,428020.0,22.24,0.04,0.0018,2023-05-25
5013,sz301149,10.98,11.07,10.88,10.92,2888200.0,11.01,-0.09,-0.0082,2023-05-25
5014,sz301150,58.92,59.55,58.26,58.89,329800.0,59.12,-0.23,-0.0039,2023-05-25
5015,sz301151,17.2,17.48,17.11,17.38,714120.0,17.31,0.07,0.004,2023-05-25
5016,sz301152,45.1,46.09,44.52,45.82,1902053.0,45.49,0.33,0.0073,2023-05-25
5017,sz301153,78.99,79.91,76.34,78.9,1583863.0,79.5,-0.6,-0.0075,2023-05-25
5018,sz301155,83.64,85.89,82.77,85.71,2802311.0,84.12,1.59,0.0189,2023-05-25
5019,sz301156,24.16,24.25,23.91,24.07,631049.0,24.11,-0.04,-0.0017,2023-05-25
5020,sz301157,52.96,55.77,52.51,55.03,2002723.0,54.08,0.95,0.0176,2023-05-25
5021,sz301158,17.6,19.42,17.5,18.29,9068657.0,17.79,0.5,0.0281,2023-05-25
5022,sz301159,33.17,33.6,31.98,32.57,1000000.0,33.17,-0.6,-0.0181,2023-05-25
5023,sz301160,34.92,35.84,34.85,35.8,909292.0,35.0,0.8,0.0229,2023-05-25
5024,sz301161,22.97,23.3,22.77,23.18,1849629.0,22.91,0.27,0.0118,2023-05-25
5025,sz301162,96.42,97.6,93.6,94.72,1288500.0,96.42,-1.7,-0.0176,2023-05-25
5026,sz301163,30.22,31.68,29.8,31.15,2619495.0,30.41,0.74,0.0243,2023-05-25
5027,sz301165,48.22,51.68,47.81,49.06,10583476.0,46.63,2.43,0.0521,2023-05-25
5028,sz301166,45.68,46.22,45.53,46.16,398892.0,45.93,0.23,0.005,2023-05-25
5029,sz301167,24.5,25.55,24.5,25.55,2823876.0,24.6,0.95,0.0386,2023-05-25
5030,sz301168,56.04,58.85,54.61,57.28,9988046.0,56.88,0.4,0.007,2023-05-25
5031,sz301169,43.02,43.5,41.45,42.31,1131340.0,42.8,-0.49,-0.0114,2023-05-25
5032,sz301171,22.11,22.46,20.9,21.47,8652921.0,22.26,-0.79,-0.0355,2023-05-25
5033,sz301175,6.2,6.37,6.16,6.35,21986064.0,6.21,0.14,0.0225,2023-05-25
5034,sz301176,16.61,17.07,16.46,17.03,4273053.0,16.38,0.65,0.0397,2023-05-25
5035,sz301177,41.16,41.47,40.46,40.96,981401.0,41.15,-0.19,-0.0046,2023-05-25
5036,sz301178,30.29,31.08,29.35,31.04,2968458.0,30.24,0.8,0.0265,2023-05-25
5037,sz301179,40.0,41.0,33.6,34.71,25113340.0,36.84,-2.13,-0.0578,2023-05-25
5038,sz301180,16.99,17.35,16.83,17.06,1159594.0,16.91,0.15,0.0089,2023-05-25
5039,sz301181,28.84,29.72,28.62,29.51,2161432.0,28.91,0.6,0.0208,2023-05-25
5040,sz301182,21.78,23.39,21.77,23.3,2944397.0,21.78,1.52,0.0698,2023-05-25
5041,sz301183,37.34,40.79,36.13,38.01,9363696.0,38.67,-0.66,-0.0171,2023-05-25
5042,sz301185,21.7,22.18,20.88,21.36,4566164.0,21.83,-0.47,-0.0215,2023-05-25
5043,sz301186,31.5,32.74,31.21,32.23,1523200.0,31.4,0.83,0.0264,2023-05-25
5044,sz301187,17.26,18.28,17.14,17.69,4249871.0,17.28,0.41,0.0237,2023-05-25
5045,sz301188,17.77,18.25,17.6,17.98,1383524.0,17.78,0.2,0.0112,2023-05-25
5046,sz301189,30.21,30.43,29.73,30.24,620000.0,30.21,0.03,0.001,2023-05-25
5047,sz301190,17.92,18.0,17.7,17.8,615647.0,17.9,-0.1,-0.0056,2023-05-25
5048,sz301191,107.25,110.0,102.14,104.88,1180705.0,105.84,-0.96,-0.0091,2023-05-25
5049,sz301192,19.11,19.94,19.05,19.88,2645217.0,19.16,0.72,0.0376,2023-05-25
5050,sz301193,18.51,18.69,18.08,18.36,580211.0,18.52,-0.16,-0.0086,2023-05-25
5051,sz301195,78.8,79.46,77.21,78.01,617700.0,79.16,-1.15,-0.0145,2023-05-25
5052,sz301196,34.03,34.55,33.7,34.3,649800.0,34.04,0.26,0.0076,2023-05-25
5053,sz301197,25.41,25.76,24.76,25.44,2325986.0,25.41,0.03,0.0012,2023-05-25
5054,sz301198,25.57,26.18,25.36,26.14,2149665.0,25.71,0.43,0.0167,2023-05-25
5055,sz301199,36.0,36.47,33.38,34.0,19536621.0,37.35,-3.35,-0.0897,2023-05-25
5056,sz301200,39.72,40.28,39.43,39.84,543273.0,39.98,-0.14,-0.0035,2023-05-25
5057,sz301201,42.9,42.97,41.96,42.45,825440.0,43.02,-0.57,-0.0132,2023-05-25
5058,sz301203,37.5,38.53,37.48,38.14,1058334.0,37.7,0.44,0.0117,2023-05-25
5059,sz301205,235.1,247.9,216.8,240.99,7250839.0,234.59,6.4,0.0273,2023-05-25
5060,sz301206,31.85,32.06,31.24,31.53,1125761.0,32.01,-0.48,-0.015,2023-05-25
5061,sz301207,52.15,53.13,51.48,51.79,1791063.0,52.35,-0.56,-0.0107,2023-05-25
5062,sz301208,56.27,57.45,55.4,56.5,781900.0,56.2,0.3,0.0053,2023-05-25
5063,sz301209,24.27,24.49,23.97,24.4,762006.0,24.28,0.12,0.0049,2023-05-25
5064,sz301211,34.02,35.28,32.98,33.57,14992042.0,34.86,-1.29,-0.037,2023-05-25
5065,sz301212,35.3,35.38,34.39,34.95,963400.0,35.32,-0.37,-0.0105,2023-05-25
5066,sz301213,40.88,42.35,40.81,41.39,1171397.0,41.05,0.34,0.0083,2023-05-25
5067,sz301215,5.81,5.85,5.71,5.83,12337563.0,5.83,0.0,0.0,2023-05-25
5068,sz301216,26.03,26.07,25.74,25.97,1405894.0,25.96,0.01,0.0004,2023-05-25
5069,sz301217,12.47,12.75,12.42,12.63,2764708.0,12.48,0.15,0.012,2023-05-25
5070,sz301218,22.65,22.65,21.6,21.74,1383550.0,22.14,-0.4,-0.0181,2023-05-25
5071,sz301219,52.36,53.1,52.05,52.58,1097655.0,52.6,-0.02,-0.0004,2023-05-25
5072,sz301220,36.97,37.53,36.52,37.0,357457.0,36.85,0.15,0.0041,2023-05-25
5073,sz301221,49.9,51.15,46.8,47.82,2086965.0,50.17,-2.35,-0.0468,2023-05-25
5074,sz301222,28.2,29.11,28.18,29.11,1518129.0,28.33,0.78,0.0275,2023-05-25
5075,sz301223,19.45,19.51,19.0,19.24,3377937.0,19.6,-0.36,-0.0184,2023-05-25
5076,sz301226,28.15,28.25,25.8,26.71,9040379.0,28.75,-2.04,-0.071,2023-05-25
5077,sz301227,26.63,26.89,26.21,26.61,576894.0,26.63,-0.02,-0.0008,2023-05-25
5078,sz301228,16.27,16.44,16.25,16.38,667100.0,16.27,0.11,0.0068,2023-05-25
5079,sz301229,27.75,27.9,27.36,27.9,621600.0,27.75,0.15,0.0054,2023-05-25
5080,sz301230,57.0,57.18,55.5,55.89,1248525.0,57.28,-1.39,-0.0243,2023-05-25
5081,sz301231,35.21,35.96,33.8,34.36,6058639.0,35.95,-1.59,-0.0442,2023-05-25
5082,sz301233,40.21,42.51,39.9,41.8,2095773.0,40.12,1.68,0.0419,2023-05-25
5083,sz301234,30.23,30.23,29.85,30.06,374800.0,30.08,-0.02,-0.0007,2023-05-25
5084,sz301235,34.67,34.67,33.85,34.27,738700.0,34.49,-0.22,-0.0064,2023-05-25
5085,sz301236,36.95,37.29,35.16,36.04,11668612.0,36.84,-0.8,-0.0217,2023-05-25
5086,sz301237,29.56,29.73,29.3,29.45,235261.0,29.75,-0.3,-0.0101,2023-05-25
5087,sz301238,21.6,21.84,21.39,21.64,2466300.0,21.73,-0.09,-0.0041,2023-05-25
5088,sz301239,128.1,129.59,123.82,124.57,761700.0,128.41,-3.84,-0.0299,2023-05-25
5089,sz301246,33.44,33.67,33.2,33.67,1138320.0,33.52,0.15,0.0045,2023-05-25
5090,sz301248,35.69,36.19,34.48,35.85,5133970.0,36.33,-0.48,-0.0132,2023-05-25
5091,sz301252,40.19,64.42,40.19,62.09,15278211.0,31.48,30.61,0.9724,2023-05-25
5092,sz301255,42.54,42.65,40.58,41.48,3827802.0,43.9,-2.42,-0.0551,2023-05-25
5093,sz301256,8.82,8.97,8.78,8.9,5357001.0,8.82,0.08,0.0091,2023-05-25
5094,sz301257,67.77,69.21,66.31,67.5,1059540.0,67.77,-0.27,-0.004,2023-05-25
5095,sz301258,40.66,40.77,39.9,40.37,1007902.0,40.66,-0.29,-0.0071,2023-05-25
5096,sz301259,19.29,19.29,18.88,19.26,947299.0,19.29,-0.03,-0.0016,2023-05-25
5097,sz301260,23.96,26.49,23.64,25.95,23416067.0,23.83,2.12,0.089,2023-05-25
5098,sz301263,38.21,38.58,37.24,38.38,2899289.0,38.4,-0.02,-0.0005,2023-05-25
5099,sz301265,11.81,11.99,11.77,11.98,2335855.0,11.87,0.11,0.0093,2023-05-25
5100,sz301266,57.71,61.39,55.7,60.32,4531744.0,57.14,3.18,0.0557,2023-05-25
5101,sz301267,75.35,75.8,74.5,75.18,786789.0,75.57,-0.39,-0.0052,2023-05-25
5102,sz301268,40.84,43.3,40.84,41.96,3685097.0,41.21,0.75,0.0182,2023-05-25
5103,sz301269,106.8,108.65,104.5,106.51,1819452.0,106.9,-0.39,-0.0036,2023-05-25
5104,sz301270,55.72,58.83,52.76,56.5,3733148.0,56.5,0.0,0.0,2023-05-25
5105,sz301273,34.48,34.88,34.12,34.37,589694.0,34.44,-0.07,-0.002,2023-05-25
5106,sz301276,26.44,27.7,26.18,27.24,6087023.0,26.18,1.06,0.0405,2023-05-25
5107,sz301277,22.21,22.84,21.29,21.53,9380801.0,22.25,-0.72,-0.0324,2023-05-25
5108,sz301278,82.75,86.78,80.86,86.0,3384069.0,82.99,3.01,0.0363,2023-05-25
5109,sz301279,27.42,27.57,26.83,27.15,1291900.0,27.3,-0.15,-0.0055,2023-05-25
5110,sz301280,35.55,35.55,34.6,34.98,781326.0,34.91,0.07,0.002,2023-05-25
5111,sz301281,41.2,41.2,39.71,40.28,1858540.0,41.29,-1.01,-0.0245,2023-05-25
5112,sz301282,27.1,27.66,26.76,27.47,2172369.0,26.79,0.68,0.0254,2023-05-25
5113,sz301283,43.32,43.9,42.67,43.41,410250.0,43.51,-0.1,-0.0023,2023-05-25
5114,sz301285,13.44,15.84,13.22,15.84,21571593.0,13.2,2.64,0.2,2023-05-25
5115,sz301286,28.15,28.61,27.44,27.99,1541350.0,27.86,0.13,0.0047,2023-05-25
5116,sz301288,17.19,17.28,17.02,17.26,690055.0,17.11,0.15,0.0088,2023-05-25
5117,sz301289,47.5,47.78,46.74,47.48,725889.0,47.5,-0.02,-0.0004,2023-05-25
5118,sz301290,33.52,34.97,33.45,34.75,1364721.0,33.67,1.08,0.0321,2023-05-25
5119,sz301293,80.08,85.85,78.36,80.1,9874830.0,80.9,-0.8,-0.0099,2023-05-25
5120,sz301296,16.8,16.96,16.54,16.78,1171558.0,16.92,-0.14,-0.0083,2023-05-25
5121,sz301297,26.0,26.0,24.36,25.26,29039938.0,26.28,-1.02,-0.0388,2023-05-25
5122,sz301298,17.75,18.17,17.41,18.06,9208560.0,18.37,-0.31,-0.0169,2023-05-25
5123,sz301299,49.67,50.5,47.0,48.31,1446506.0,49.9,-1.59,-0.0319,2023-05-25
5124,sz301300,30.89,31.31,30.39,31.08,709292.0,30.73,0.35,0.0114,2023-05-25
5125,sz301301,9.52,9.97,9.4,9.94,41774895.0,9.66,0.28,0.029,2023-05-25
5126,sz301302,59.3,60.25,58.95,59.14,920293.0,59.03,0.11,0.0019,2023-05-25
5127,sz301303,23.49,24.46,23.35,24.21,8326698.0,23.27,0.94,0.0404,2023-05-25
5128,sz301305,22.74,29.57,22.48,26.41,30986594.0,23.56,2.85,0.121,2023-05-25
5129,sz301306,38.76,39.47,38.59,39.19,504653.0,38.77,0.42,0.0108,2023-05-25
5130,sz301307,29.47,31.5,29.4,30.88,9127203.0,29.65,1.23,0.0415,2023-05-25
5131,sz301308,107.38,113.99,106.11,113.4,9884215.0,109.01,4.39,0.0403,2023-05-25
5132,sz301309,27.6,28.22,27.55,27.74,493370.0,27.6,0.14,0.0051,2023-05-25
5133,sz301311,26.85,31.8,26.3,29.3,34503018.0,27.1,2.2,0.0812,2023-05-25
5134,sz301312,93.0,94.5,87.0,89.7,4095329.0,93.02,-3.32,-0.0357,2023-05-25
5135,sz301313,34.24,34.78,33.18,34.09,1960110.0,34.24,-0.15,-0.0044,2023-05-25
5136,sz301314,72.8,83.0,71.0,74.2,3084401.0,70.05,4.15,0.0592,2023-05-25
5137,sz301316,23.4,23.8,22.44,22.97,4040409.0,23.59,-0.62,-0.0263,2023-05-25
5138,sz301317,24.36,25.06,24.1,25.0,3075300.0,24.36,0.64,0.0263,2023-05-25
5139,sz301318,50.43,52.32,50.3,51.55,1218536.0,50.99,0.56,0.011,2023-05-25
5140,sz301319,56.51,57.8,55.8,57.3,608906.0,56.1,1.2,0.0214,2023-05-25
5141,sz301321,20.63,20.97,20.34,20.83,1058991.0,20.63,0.2,0.0097,2023-05-25
5142,sz301322,67.67,67.97,65.71,67.46,675817.0,67.72,-0.26,-0.0038,2023-05-25
5143,sz301325,96.5,101.38,94.95,98.88,5616426.0,98.45,0.43,0.0044,2023-05-25
5144,sz301326,35.24,35.85,35.0,35.72,597399.0,35.1,0.62,0.0177,2023-05-25
5145,sz301327,109.0,110.61,107.63,108.7,803766.0,108.93,-0.23,-0.0021,2023-05-25
5146,sz301328,81.5,83.25,80.62,81.85,587391.0,81.98,-0.13,-0.0016,2023-05-25
5147,sz301330,49.1,50.84,48.1,49.52,7976504.0,50.44,-0.92,-0.0182,2023-05-25
5148,sz301331,40.25,40.62,39.3,39.72,1916300.0,40.62,-0.9,-0.0222,2023-05-25
5149,sz301332,15.21,15.56,14.6,14.89,31579350.0,15.72,-0.83,-0.0528,2023-05-25
5150,sz301333,100.9,101.37,97.51,100.0,244000.0,100.9,-0.9,-0.0089,2023-05-25
5151,sz301335,35.48,35.65,35.01,35.45,520475.0,35.52,-0.07,-0.002,2023-05-25
5152,sz301336,46.8,48.33,46.8,47.89,696200.0,47.0,0.89,0.0189,2023-05-25
5153,sz301338,50.0,50.3,48.9,49.65,1144974.0,50.69,-1.04,-0.0205,2023-05-25
5154,sz301339,23.07,23.48,22.8,22.9,2308654.0,23.1,-0.2,-0.0087,2023-05-25
5155,sz301345,49.02,49.57,48.49,49.07,1078641.0,49.29,-0.22,-0.0045,2023-05-25
5156,sz301349,80.98,80.98,79.51,80.61,588603.0,80.37,0.24,0.003,2023-05-25
5157,sz301356,42.96,43.09,42.35,42.64,581870.0,42.93,-0.29,-0.0068,2023-05-25
5158,sz301357,51.0,57.3,50.9,53.44,5839644.0,51.2,2.24,0.0437,2023-05-25
5159,sz301358,43.9,45.14,43.8,44.8,5959183.0,44.3,0.5,0.0113,2023-05-25
5160,sz301359,25.08,25.34,24.81,25.19,2140715.0,24.9,0.29,0.0116,2023-05-25
5161,sz301360,98.35,104.73,94.22,104.18,5333054.0,100.7,3.48,0.0346,2023-05-25
5162,sz301361,33.26,35.06,31.37,33.0,17151576.0,32.77,0.23,0.007,2023-05-25
5163,sz301363,41.38,41.38,40.32,40.75,545540.0,41.47,-0.72,-0.0174,2023-05-25
5164,sz301365,26.08,26.89,25.75,26.77,2657926.0,26.31,0.46,0.0175,2023-05-25
5165,sz301366,54.93,56.6,54.6,55.75,627719.0,54.8,0.95,0.0173,2023-05-25
5166,sz301367,214.58,218.79,213.0,218.26,389014.0,214.52,3.74,0.0174,2023-05-25
5167,sz301368,55.0,66.97,53.5,66.97,15002320.0,55.81,11.16,0.2,2023-05-25
5168,sz301369,84.08,86.4,81.0,84.68,3467622.0,84.45,0.23,0.0027,2023-05-25
5169,sz301373,33.41,34.08,33.22,34.08,1567686.0,33.4,0.68,0.0204,2023-05-25
5170,sz301377,20.8,21.45,20.33,20.66,6013759.0,20.45,0.21,0.0103,2023-05-25
5171,sz301378,99.03,104.44,97.35,103.81,946747.0,99.82,3.99,0.04,2023-05-25
5172,sz301379,27.66,28.32,27.51,28.22,1630462.0,27.66,0.56,0.0202,2023-05-25
5173,sz301380,50.7,51.62,48.5,50.18,3576141.0,51.85,-1.67,-0.0322,2023-05-25
5174,sz301382,48.19,49.9,45.22,46.05,21056908.0,50.03,-3.98,-0.0796,2023-05-25
5175,sz301386,25.21,30.38,24.88,27.29,13219742.0,25.67,1.62,0.0631,2023-05-25
5176,sz301387,49.01,50.86,48.06,49.78,3925394.0,50.86,-1.08,-0.0212,2023-05-25
5177,sz301388,27.5,28.17,26.8,27.88,6120703.0,28.05,-0.17,-0.0061,2023-05-25
5178,sz301389,18.2,18.83,18.2,18.56,3227214.0,18.26,0.3,0.0164,2023-05-25
5179,sz301390,47.4,50.7,46.42,49.92,6958031.0,47.51,2.41,0.0507,2023-05-25
5180,sz301391,101.49,105.55,99.5,105.54,1222330.0,101.55,3.99,0.0393,2023-05-25
5181,sz301396,39.05,39.85,38.28,39.16,2094134.0,39.48,-0.32,-0.0081,2023-05-25
5182,sz301398,35.03,35.45,34.5,35.04,1185500.0,35.4,-0.36,-0.0102,2023-05-25
5183,sz301399,49.0,78.45,49.0,72.0,15177673.0,49.65,22.35,0.4502,2023-05-25
5184,sz301408,18.18,18.33,18.04,18.28,4480497.0,18.4,-0.12,-0.0065,2023-05-25
5185,sz301419,37.46,38.47,36.66,37.58,3531386.0,37.82,-0.24,-0.0063,2023-05-25
5186,sz301428,47.4,54.48,44.5,45.8,14311826.0,48.9,-3.1,-0.0634,2023-05-25
5187,sz301429,24.89,26.29,24.51,26.01,7370256.0,25.25,0.76,0.0301,2023-05-25
5188,sz301439,18.9,19.77,18.89,19.53,15173995.0,19.13,0.4,0.0209,2023-05-25
